# PSIBLAST 2.12.0+
# Iteration: 1
# Query: P47343.1 RecName: Full=Uracil-DNA glycosylase; Short=UDG [Mycoplasmoides genitalium G37]
# Database: ../../data/swissprot
# Fields: query acc.ver, subject acc.ver, % identity, alignment length, mismatches, gap opens, q. start, q. end, s. start, s. end, evalue, bit score
# 306 hits found
P47343.1	P47343.1	100.000	245	0	0	1	245	1	245	0.0	502
P47343.1	P75536.1	56.034	232	102	0	3	234	1	232	3.41e-96	281
P47343.1	Q4A8N4.1	37.443	219	128	5	17	233	6	217	1.46e-38	133
P47343.1	Q5R080.1	33.484	221	134	6	18	233	3	215	1.02e-36	128
P47343.1	P43731.1	34.361	227	135	6	15	235	1	219	4.31e-34	121
P47343.1	Q5E2Y8.1	32.751	229	140	6	17	239	4	224	1.36e-32	118
P47343.1	B4F058.1	33.778	225	135	6	17	235	6	222	2.58e-32	117
P47343.1	B5Z154.1	32.743	226	138	6	17	236	6	223	3.63e-32	117
P47343.1	B5F228.1	32.301	226	139	6	17	236	6	223	4.22e-32	116
P47343.1	B2VEC7.1	31.839	223	138	6	17	233	6	220	5.55e-32	116
P47343.1	Q4QPM6.1	33.040	227	138	6	15	235	1	219	5.63e-32	116
P47343.1	B0UWA7.1	34.361	227	131	8	17	235	3	219	8.60e-32	116
P47343.1	B5FAJ7.1	32.314	229	141	6	17	239	4	224	8.71e-32	116
P47343.1	A9N0W3.1	31.858	226	140	6	17	236	6	223	9.52e-32	116
P47343.1	A5UBC0.1	33.040	227	138	6	15	235	1	219	9.99e-32	115
P47343.1	A8FIM7.1	33.772	228	129	8	17	235	8	222	1.47e-31	115
P47343.1	A9MGV9.1	31.858	226	140	6	17	236	6	223	2.72e-31	114
P47343.1	B7MYL3.1	32.743	226	138	6	17	236	6	223	2.85e-31	114
P47343.1	A8AD07.1	31.858	226	140	6	17	236	6	223	3.44e-31	114
P47343.1	B7NRN6.1	33.921	227	134	8	17	236	6	223	4.39e-31	114
P47343.1	Q8FF08.3	32.301	226	139	6	17	236	6	223	6.72e-31	113
P47343.1	Q65VN0.1	32.599	227	139	6	15	235	1	219	7.39e-31	113
P47343.1	A1AEB0.1	32.301	226	139	6	17	236	6	223	8.53e-31	113
P47343.1	B7LUY5.1	31.858	226	140	6	17	236	6	223	1.33e-30	112
P47343.1	A1JKI8.1	33.184	223	135	6	17	233	6	220	1.59e-30	112
P47343.1	A6VLV4.1	33.478	230	133	8	15	235	1	219	2.00e-30	112
P47343.1	A7MS85.1	34.361	227	131	7	15	233	4	220	3.68e-30	111
P47343.1	A8A392.1	31.858	226	140	6	17	236	6	223	5.50e-30	111
P47343.1	Q0T1S6.1	31.858	226	140	6	17	236	6	223	6.48e-30	111
P47343.1	Q98PV4.1	34.234	222	134	6	18	235	7	220	7.08e-30	111
P47343.1	Q8Y9X7.1	33.480	227	133	9	14	233	1	216	8.75e-30	110
P47343.1	Q723S4.1	33.480	227	133	9	14	233	1	216	9.68e-30	110
P47343.1	C6DC11.1	35.111	225	128	8	17	233	6	220	1.28e-29	110
P47343.1	P52506.1	33.188	229	134	8	14	235	98	314	1.88e-29	111
P47343.1	P52507.1	33.188	229	134	8	14	235	99	315	2.30e-29	111
P47343.1	Q65DN9.1	33.036	224	136	7	17	235	8	222	2.74e-29	109
P47343.1	P28866.1	32.000	225	142	5	14	235	95	311	3.15e-29	111
P47343.1	A4WDE9.1	31.416	226	141	6	17	236	6	223	3.88e-29	109
P47343.1	Q7VMC0.1	33.036	224	134	6	17	233	3	217	5.99e-29	108
P47343.1	P39615.1	33.333	231	140	7	10	235	1	222	6.42e-29	108
P47343.1	Q7MA00.1	32.231	242	139	11	1	233	1	226	9.06e-29	108
P47343.1	Q87SC4.1	33.333	225	134	6	16	233	5	220	1.03e-28	108
P47343.1	B8F6C3.1	34.211	228	129	7	17	235	3	218	1.05e-28	107
P47343.1	B5XNF8.1	30.973	226	142	6	17	236	6	223	1.06e-28	108
P47343.1	B0TXF5.1	36.444	225	125	9	17	233	2	216	1.44e-28	107
P47343.1	Q057V4.1	38.288	222	124	7	17	233	8	221	1.47e-28	107
P47343.1	A7GVE5.1	34.081	223	133	7	18	235	9	222	1.77e-28	107
P47343.1	Q630K2.1	34.375	224	131	8	18	235	9	222	2.31e-28	107
P47343.1	B7HYF9.1	34.375	224	131	8	18	235	9	222	2.37e-28	107
P47343.1	A5EVB8.1	34.071	226	132	8	17	235	14	229	2.72e-28	107
P47343.1	B7J0Y9.1	35.345	232	132	9	10	233	1	222	3.27e-28	106
P47343.1	Q9PJ40.1	34.222	225	132	7	18	236	17	231	4.07e-28	106
P47343.1	B6EKY3.1	31.416	226	141	7	17	236	4	221	4.45e-28	106
P47343.1	A6TCJ2.1	30.973	226	142	6	17	236	6	223	5.12e-28	106
P47343.1	Q5HX80.1	33.778	225	133	7	18	236	17	231	5.75e-28	106
P47343.1	A8FJP1.1	33.778	225	133	7	18	236	17	231	5.88e-28	106
P47343.1	Q2NS03.1	31.839	223	138	6	17	233	6	220	6.18e-28	106
P47343.1	Q5L9D9.1	33.186	226	135	7	14	233	5	220	6.49e-28	105
P47343.1	Q827B3.1	30.435	230	144	7	12	235	4	223	7.58e-28	105
P47343.1	B6YR15.1	34.222	225	128	9	17	233	8	220	7.77e-28	105
P47343.1	Q6D208.1	34.222	225	130	8	17	233	6	220	8.68e-28	105
P47343.1	A9VSJ0.1	34.529	223	132	7	18	235	9	222	9.30e-28	105
P47343.1	A4IWI7.1	31.858	226	140	6	17	236	2	219	9.74e-28	105
P47343.1	Q72X51.1	34.375	224	131	8	18	235	9	222	1.03e-27	105
P47343.1	P57807.1	30.531	226	143	6	17	236	3	220	1.23e-27	105
P47343.1	A1VXG9.1	33.778	225	133	7	18	236	17	231	1.54e-27	105
P47343.1	A4SK71.1	30.837	227	141	6	17	236	3	220	1.65e-27	104
P47343.1	C1CXS7.1	31.839	223	136	7	17	233	28	240	1.73e-27	105
P47343.1	C4LC44.1	31.878	229	142	7	17	239	3	223	1.82e-27	104
P47343.1	A5FFT1.1	33.628	226	129	6	17	233	8	221	1.88e-27	104
P47343.1	A0Q7Y8.1	31.416	226	141	6	17	236	2	219	2.69e-27	104
P47343.1	A7NAN4.1	31.858	226	140	6	17	236	2	219	2.71e-27	104
P47343.1	A5F5R5.1	34.821	224	130	8	17	233	6	220	2.83e-27	104
P47343.1	Q3IG47.1	29.956	227	146	6	15	235	1	220	2.89e-27	104
P47343.1	A8EWN8.1	32.883	222	136	7	17	233	2	215	4.26e-27	103
P47343.1	A8GI39.1	33.036	224	134	8	17	233	6	220	4.36e-27	103
P47343.1	B5ZC55.1	33.484	221	131	8	18	233	3	212	4.71e-27	103
P47343.1	B3ERG6.1	33.188	229	139	6	10	233	1	220	5.31e-27	103
P47343.1	A0KMZ1.1	30.568	229	143	6	15	236	1	220	6.10e-27	103
P47343.1	B1YFL0.1	32.301	226	135	8	17	235	4	218	6.18e-27	103
P47343.1	B5RKV2.1	33.766	231	137	7	10	233	1	222	7.04e-27	103
P47343.1	Q0SPB2.1	34.483	232	134	9	10	233	1	222	8.29e-27	103
P47343.1	Q8EB78.1	30.667	225	142	6	17	235	2	218	9.04e-27	102
P47343.1	B7JHM3.1	33.929	224	132	8	18	235	9	222	9.23e-27	103
P47343.1	Q6HAN7.1	33.929	224	132	8	18	235	9	222	9.60e-27	102
P47343.1	B7HG60.1	34.375	224	131	8	18	235	9	222	1.01e-26	102
P47343.1	Q92EQ0.1	32.159	227	136	8	14	233	1	216	1.17e-26	102
P47343.1	A0RLI1.1	33.929	224	132	8	18	235	9	222	1.19e-26	102
P47343.1	A4TKZ2.1	34.184	196	116	5	17	206	6	194	1.45e-26	102
P47343.1	A7FFS4.1	34.184	196	116	5	17	206	6	194	1.53e-26	102
P47343.1	C3LFS7.1	34.081	223	133	7	18	235	9	222	1.57e-26	102
P47343.1	B1JRB1.1	34.184	196	116	5	17	206	6	194	1.78e-26	102
P47343.1	A3MZ80.1	33.040	227	134	8	17	235	3	219	2.16e-26	102
P47343.1	A6L7T5.1	33.186	226	135	7	14	233	5	220	2.36e-26	101
P47343.1	Q662W1.1	35.217	230	135	8	10	233	1	222	2.42e-26	102
P47343.1	Q9K682.1	34.071	226	129	8	18	235	8	221	2.56e-26	101
P47343.1	Q836Z5.1	33.051	236	134	9	10	235	1	222	2.57e-26	102
P47343.1	Q7N1U8.1	31.111	225	137	7	17	233	6	220	2.92e-26	101
P47343.1	A7I0A8.1	34.375	224	129	9	17	233	13	225	3.01e-26	102
P47343.1	B5RQN2.1	33.333	231	138	7	10	233	1	222	3.33e-26	101
P47343.1	B7IRS8.1	33.929	224	132	8	18	235	9	222	3.51e-26	101
P47343.1	A7ZA24.1	32.301	226	135	8	17	235	8	222	3.61e-26	101
P47343.1	Q032L5.1	33.333	228	126	9	18	234	6	218	5.13e-26	100
P47343.1	A2RHW2.1	33.333	228	126	9	18	234	6	218	5.17e-26	100
P47343.1	P12887.1	34.413	247	137	10	17	244	105	345	5.71e-26	103
P47343.1	Q7P1I1.1	30.472	233	145	9	14	239	11	233	7.37e-26	100
P47343.1	A3M500.2	32.301	226	137	8	17	235	19	235	9.43e-26	100
P47343.1	B0VMZ7.1	32.301	226	137	8	17	235	19	235	1.03e-25	100
P47343.1	Q5KUD0.1	31.858	226	136	8	17	235	7	221	1.11e-25	100
P47343.1	B7GMM1.1	32.468	231	142	7	10	235	1	222	1.16e-25	100
P47343.1	Q9K3Z0.1	30.870	230	141	9	13	235	5	223	1.25e-25	100
P47343.1	B2RHL6.1	33.632	223	133	9	17	233	9	222	1.26e-25	100
P47343.1	B0VD25.1	32.301	226	137	8	17	235	19	235	1.28e-25	100
P47343.1	A1QYK3.1	32.900	231	139	7	10	233	1	222	1.41e-25	99.8
P47343.1	A7H1G3.1	32.889	225	135	8	18	236	17	231	1.42e-25	100
P47343.1	O84613.1	32.589	224	140	7	16	235	12	228	1.44e-25	100
P47343.1	A7GVX1.1	33.628	226	133	10	14	233	10	224	1.73e-25	99.8
P47343.1	B2S1N8.1	32.900	231	139	7	10	233	1	222	1.88e-25	99.5
P47343.1	Q9RWH9.1	29.661	236	149	8	5	233	13	238	1.90e-25	100
P47343.1	P59465.1	34.802	227	132	7	14	233	5	222	2.08e-25	99.5
P47343.1	Q182G9.1	33.333	225	132	7	18	235	8	221	2.10e-25	99.5
P47343.1	B0KV50.1	34.632	231	126	11	16	235	11	227	2.34e-25	99.5
P47343.1	A6M317.1	32.889	225	133	7	18	235	9	222	2.40e-25	99.2
P47343.1	Q7MXF6.1	33.632	223	133	9	17	233	9	222	2.79e-25	99.2
P47343.1	C0Z887.1	30.085	236	141	8	10	235	1	222	3.07e-25	99.2
P47343.1	B2TQZ9.1	34.222	225	132	8	17	235	8	222	3.28e-25	98.9
P47343.1	Q7VRQ7.1	34.222	225	134	6	17	235	5	221	3.30e-25	98.9
P47343.1	Q3BNI2.1	32.068	237	144	8	16	245	12	238	3.60e-25	99.2
P47343.1	Q8CQ65.1	30.973	226	131	8	18	233	3	213	3.69e-25	98.6
P47343.1	Q8UCM8.1	33.482	224	132	7	17	233	15	228	4.66e-25	98.9
P47343.1	B4RLL6.1	31.556	225	140	7	15	233	1	217	6.57e-25	98.1
P47343.1	Q5HRG5.1	30.973	226	131	8	18	233	3	213	7.38e-25	97.8
P47343.1	B9E8N2.1	31.963	219	127	9	25	234	9	214	7.56e-25	97.8
P47343.1	B0B8I2.1	32.589	224	140	7	16	235	12	228	7.69e-25	98.1
P47343.1	C1DQR0.1	32.143	224	135	8	17	233	13	226	8.44e-25	98.1
P47343.1	Q9PJD2.1	31.696	224	142	7	17	236	13	229	8.78e-25	98.1
P47343.1	Q9CIX2.1	32.456	228	128	9	18	234	6	218	1.03e-24	97.5
P47343.1	Q8A5V6.1	32.301	226	137	7	14	233	5	220	1.07e-24	97.5
P47343.1	Q8EPH6.1	33.333	231	134	8	18	240	9	227	1.23e-24	97.5
P47343.1	Q88N05.1	34.199	231	127	11	16	235	11	227	1.32e-24	97.5
P47343.1	A5W8H2.1	33.478	230	130	9	16	235	11	227	1.37e-24	97.5
P47343.1	Q07YI6.1	33.014	209	129	5	30	235	20	220	1.66e-24	97.0
P47343.1	P97931.3	33.333	222	135	7	17	233	90	303	1.78e-24	98.6
P47343.1	B6J738.1	30.870	230	144	6	17	240	9	229	1.83e-24	97.2
P47343.1	Q8PFZ6.1	31.646	237	145	8	16	245	12	238	2.38e-24	97.0
P47343.1	Q83CW4.1	30.870	230	144	6	17	240	9	229	2.55e-24	96.7
P47343.1	P28275.1	30.531	226	138	8	17	235	42	255	2.60e-24	97.2
P47343.1	B0RWT2.1	32.051	234	142	8	16	242	12	235	2.94e-24	97.0
P47343.1	Q720K2.1	31.674	221	141	7	18	235	8	221	3.69e-24	96.1
P47343.1	Q30Q92.1	34.071	226	131	8	17	235	9	223	3.77e-24	96.1
P47343.1	A9KP29.1	33.668	199	122	5	11	205	1	193	3.97e-24	96.1
P47343.1	B8FSV8.1	31.416	226	134	8	18	235	8	220	5.19e-24	95.8
P47343.1	Q1I5T6.1	33.043	230	131	9	16	235	11	227	5.48e-24	95.8
P47343.1	A9KCD5.2	31.111	225	140	6	17	235	9	224	6.43e-24	95.6
P47343.1	P13051.2	33.333	222	135	7	17	233	97	310	7.57e-24	97.0
P47343.1	Q7MNR0.2	29.778	225	144	6	17	235	6	222	8.39e-24	95.3
P47343.1	C4Z8Z2.1	30.942	223	141	8	18	235	8	222	8.84e-24	95.3
P47343.1	Q92CI1.1	31.839	223	138	8	18	235	8	221	8.96e-24	95.3
P47343.1	A6TVW5.1	30.126	239	147	8	11	241	1	227	9.02e-24	95.3
P47343.1	Q5WAZ9.1	31.169	231	141	8	18	241	8	227	1.35e-23	95.0
P47343.1	Q4ZPC2.1	34.348	230	124	11	16	233	11	225	1.55e-23	94.7
P47343.1	A1KU26.1	29.778	225	144	6	15	233	1	217	1.78e-23	94.4
P47343.1	A0M1V1.1	31.858	226	133	6	17	233	8	221	1.85e-23	94.4
P47343.1	Q9U221.1	31.250	224	140	6	17	234	65	280	1.91e-23	95.6
P47343.1	A6VAM7.1	32.895	228	132	8	17	235	13	228	1.92e-23	94.4
P47343.1	Q02HQ1.1	32.895	228	132	8	17	235	13	228	2.09e-23	94.4
P47343.1	B1AJI8.1	34.529	223	126	9	18	233	3	212	2.13e-23	94.1
P47343.1	B1I012.1	30.531	226	141	7	18	236	9	225	2.32e-23	94.1
P47343.1	P53764.1	33.023	215	125	10	29	236	2	204	2.89e-23	93.6
P47343.1	Q8FPQ4.1	31.858	226	136	10	14	233	23	236	2.91e-23	94.1
P47343.1	A1SUE5.1	31.250	224	138	7	17	233	2	216	3.22e-23	93.6
P47343.1	Q9Z7D3.1	32.432	222	139	7	18	235	21	235	3.66e-23	93.9
P47343.1	Q8Y7P6.1	31.674	221	141	7	18	235	8	221	3.93e-23	93.6
P47343.1	Q7VUM8.1	29.487	234	146	7	18	243	23	245	3.99e-23	94.1
P47343.1	Q87XE2.1	33.772	228	128	11	16	233	11	225	4.04e-23	93.6
P47343.1	Q7W1Y7.1	29.487	234	146	7	18	243	23	245	4.11e-23	94.1
P47343.1	B6J089.1	30.435	230	145	6	17	240	9	229	4.22e-23	93.6
P47343.1	Q7WQW5.1	29.487	234	146	7	18	243	23	245	4.31e-23	93.9
P47343.1	Q88YG1.1	29.876	241	151	7	10	243	1	230	4.33e-23	93.6
P47343.1	A9LZA2.1	29.778	225	144	6	15	233	1	217	5.34e-23	93.0
P47343.1	Q6F9Y2.1	32.057	209	126	6	32	235	38	235	5.67e-23	93.3
P47343.1	P53766.2	30.702	228	143	6	17	237	127	346	5.78e-23	95.3
P47343.1	B8D787.1	33.778	225	136	6	17	236	4	220	6.11e-23	93.0
P47343.1	Q9JUC4.1	29.778	225	144	6	15	233	1	217	6.19e-23	93.0
P47343.1	B1J4J3.1	32.609	230	132	9	16	235	11	227	7.40e-23	93.0
P47343.1	Q48ET5.1	33.188	229	128	9	16	233	11	225	7.69e-23	93.0
P47343.1	A4ITQ2.1	30.667	225	140	8	17	235	7	221	7.86e-23	93.0
P47343.1	P10186.1	30.531	226	138	8	17	235	121	334	8.65e-23	94.7
P47343.1	Q38VY5.1	30.508	236	149	7	10	240	1	226	1.26e-22	92.5
P47343.1	Q49VD1.1	29.148	223	139	7	18	233	3	213	1.61e-22	91.9
P47343.1	Q4L3Q7.1	29.148	223	139	7	18	233	3	213	1.61e-22	91.9
P47343.1	Q2YS83.1	30.045	223	137	7	18	233	3	213	1.68e-22	91.9
P47343.1	A8MM35.1	29.258	229	136	9	18	235	9	222	2.24e-22	91.6
P47343.1	B3WCZ5.1	29.918	244	144	9	10	242	1	228	2.25e-22	91.6
P47343.1	A5IQD5.1	30.045	223	137	7	18	233	3	213	2.46e-22	91.3
P47343.1	C3KDS6.1	31.441	229	136	10	16	235	11	227	2.77e-22	91.6
P47343.1	B9KEK7.1	36.318	201	110	8	17	209	13	203	3.52e-22	91.1
P47343.1	Q1GHJ4.1	29.680	219	134	7	29	239	21	227	3.83e-22	91.1
P47343.1	Q7VGS1.1	32.174	230	131	9	18	233	14	232	3.93e-22	91.1
P47343.1	Q821F7.1	31.674	221	140	7	17	233	13	226	4.65e-22	90.8
P47343.1	Q3KGL4.1	31.004	229	133	10	16	233	11	225	4.70e-22	90.8
P47343.1	B2UVB0.1	33.632	223	123	8	17	225	12	223	4.90e-22	90.8
P47343.1	Q6GBQ6.1	30.045	223	137	7	18	233	3	213	5.32e-22	90.5
P47343.1	C5D9T3.1	32.000	225	137	8	17	235	7	221	5.38e-22	90.5
P47343.1	Q1CRR1.1	33.632	223	123	8	17	225	12	223	5.59e-22	90.8
P47343.1	Q8DTV8.1	31.278	227	130	10	17	233	5	215	6.34e-22	90.2
P47343.1	Q0TUH0.1	30.837	227	135	8	18	235	9	222	7.35e-22	90.2
P47343.1	B0U620.1	29.915	234	145	7	17	242	21	243	8.98e-22	90.5
P47343.1	P09307.1	30.396	227	146	6	14	236	87	305	9.35e-22	91.3
P47343.1	B2IAB2.1	30.603	232	146	7	17	242	21	243	9.93e-22	90.5
P47343.1	Q9J3N2.1	30.396	227	146	6	14	236	87	305	1.02e-21	91.3
P47343.1	Q9E6R2.1	31.658	199	129	4	39	236	120	312	1.07e-21	91.3
P47343.1	A3CN85.1	31.696	224	133	9	17	233	5	215	1.17e-21	89.6
P47343.1	B2UDL1.1	30.901	233	139	8	14	233	34	257	1.19e-21	90.5
P47343.1	A9IGW1.1	28.139	231	150	7	16	238	21	243	1.31e-21	90.2
P47343.1	Q64QI5.1	29.545	220	145	5	17	233	8	220	1.58e-21	89.4
P47343.1	A1SNW4.1	31.839	223	128	13	20	235	22	227	1.61e-21	89.4
P47343.1	Q5LA67.1	29.545	220	145	5	17	233	8	220	1.64e-21	89.4
P47343.1	Q8XNR7.1	30.837	227	135	8	18	235	9	222	1.78e-21	89.4
P47343.1	Q0SWB8.1	30.131	229	134	9	18	235	9	222	2.09e-21	89.1
P47343.1	B2SJF5.1	31.933	238	143	10	16	245	12	238	2.54e-21	89.1
P47343.1	Q1IWN1.1	30.631	222	137	8	18	233	26	236	2.65e-21	89.1
P47343.1	Q2L0Y2.1	31.884	207	127	7	35	236	43	240	3.24e-21	89.1
P47343.1	A7ZAZ4.1	30.973	226	139	10	14	233	10	224	4.01e-21	88.5
P47343.1	Q4KGS0.1	31.004	229	133	10	16	233	11	225	4.17e-21	88.5
P47343.1	Q92LU5.1	30.357	224	139	9	17	233	10	223	4.30e-21	88.5
P47343.1	A8AXM4.1	31.250	224	134	9	17	233	5	215	5.15e-21	88.0
P47343.1	Q6UDG6.1	30.000	220	143	5	17	233	148	359	5.87e-21	90.2
P47343.1	Q5L4Q4.1	30.769	221	142	7	17	233	13	226	1.11e-20	87.4
P47343.1	Q9PA28.2	29.487	234	146	7	17	242	21	243	1.21e-20	87.7
P47343.1	Q9ZJN9.1	35.644	202	108	8	17	204	12	205	1.78e-20	86.8
P47343.1	A1T717.1	30.729	192	117	8	46	233	43	222	1.93e-20	86.6
P47343.1	A4VV30.1	30.357	224	136	8	17	233	5	215	2.05e-20	86.3
P47343.1	P13158.1	30.846	201	122	7	17	210	82	272	2.16e-20	87.7
P47343.1	P67078.1	30.392	204	126	7	35	233	35	227	2.24e-20	86.6
P47343.1	Q8XVE4.1	30.172	232	142	9	14	233	37	260	2.34e-20	87.1
P47343.1	A6UDC0.1	30.357	224	139	10	17	233	10	223	2.37e-20	86.6
P47343.1	A0RM89.1	29.148	223	141	9	17	233	13	224	2.66e-20	86.3
P47343.1	Q74K70.1	30.667	225	137	8	18	235	9	221	3.10e-20	86.3
P47343.1	Q47Q90.1	31.373	204	122	9	35	233	35	225	3.21e-20	86.0
P47343.1	B9DKT3.1	31.401	207	120	9	34	233	22	213	3.66e-20	85.7
P47343.1	B1IBW9.1	30.357	224	136	7	17	233	5	215	4.88e-20	85.4
P47343.1	B9DSB9.1	31.696	224	133	8	17	233	5	215	5.92e-20	85.1
P47343.1	B6JNI4.1	35.000	200	112	7	17	204	12	205	6.23e-20	85.4
P47343.1	Q256I7.1	29.864	221	144	7	17	233	13	226	6.25e-20	85.4
P47343.1	O74834.1	31.381	239	148	9	6	236	74	304	1.21e-19	86.0
P47343.1	P56397.1	35.149	202	109	8	17	204	12	205	1.36e-19	84.6
P47343.1	Q03SK6.1	29.536	237	147	9	18	245	9	234	1.41e-19	84.6
P47343.1	P29950.1	32.178	202	123	8	45	242	24	215	1.42e-19	84.0
P47343.1	C1CKR8.1	30.357	224	136	7	17	233	5	215	1.46e-19	84.0
P47343.1	B5E4R3.1	30.357	224	136	7	17	233	5	215	1.64e-19	84.0
P47343.1	Q03GV8.1	29.004	231	150	7	10	235	1	222	1.87e-19	84.0
P47343.1	B5Z8Z4.1	34.653	202	110	8	17	204	12	205	2.06e-19	84.0
P47343.1	B8ZQ48.1	30.357	224	136	7	17	233	5	215	2.26e-19	83.7
P47343.1	P0A4P3.1	29.464	224	138	8	17	233	5	215	3.15e-19	83.2
P47343.1	A0QV01.1	30.208	192	120	8	46	233	43	224	3.60e-19	83.2
P47343.1	Q82MX6.1	32.161	199	117	9	40	233	37	222	6.08e-19	82.6
P47343.1	A0QJA9.1	31.441	229	134	14	14	233	10	224	7.22e-19	82.6
P47343.1	A1UEC0.1	30.890	191	120	6	46	233	43	224	7.33e-19	82.3
P47343.1	Q73VJ7.1	31.441	229	134	14	14	233	10	224	7.80e-19	82.3
P47343.1	P52447.1	31.868	182	110	7	60	236	81	253	8.91e-19	82.6
P47343.1	A5VIJ2.1	29.741	232	147	8	10	235	1	222	9.25e-19	82.3
P47343.1	Q17Z05.1	34.158	202	111	8	17	204	12	205	1.07e-18	82.0
P47343.1	A4TE31.1	30.208	192	118	8	46	233	43	222	1.20e-18	81.8
P47343.1	C0ME57.1	29.333	225	137	7	17	233	5	215	1.45e-18	81.5
P47343.1	Q03KM6.1	28.571	224	140	7	17	233	5	215	2.21e-18	80.9
P47343.1	B4U3D4.1	29.646	226	135	8	17	233	5	215	3.05e-18	80.6
P47343.1	C0M7J9.1	29.646	226	135	8	17	233	5	215	3.19e-18	80.6
P47343.1	Q9EX12.1	32.500	200	115	11	40	233	37	222	3.22e-18	80.6
P47343.1	Q01019.1	32.536	209	124	8	37	236	52	252	8.52e-18	80.1
P47343.1	Q8R634.1	33.333	231	138	9	11	235	1	221	1.30e-17	79.2
P47343.1	Q5YRZ2.1	28.319	226	141	10	16	233	12	224	2.57e-17	78.4
P47343.1	Q9LIH6.1	30.870	230	139	8	14	233	109	328	3.26e-17	79.8
P47343.1	B1MXY4.1	30.303	198	118	7	42	233	34	217	4.64e-17	77.5
P47343.1	P12888.1	30.288	208	131	6	33	233	53	253	4.91e-17	78.1
P47343.1	B2GAM7.1	29.592	196	122	6	45	235	38	222	5.03e-17	77.5
P47343.1	B8ZS02.1	29.767	215	133	8	28	233	19	224	6.58e-17	77.3
P47343.1	P50639.1	28.856	201	131	6	42	238	61	253	1.00e-16	77.3
P47343.1	P53765.2	31.304	230	135	8	19	233	31	252	1.47e-16	77.0
P47343.1	A8LD98.1	28.761	226	138	11	16	233	12	222	1.59e-16	76.4
P47343.1	B2HIJ2.1	28.780	205	133	8	32	233	30	224	1.61e-16	76.4
P47343.1	A0PQ07.1	27.434	226	147	9	14	233	10	224	1.74e-16	76.1
P47343.1	F5HFA1.1	28.326	233	151	8	16	238	29	255	1.82e-16	76.7
P47343.1	Q1J724.1	27.679	224	140	7	18	233	6	215	2.06e-16	75.9
P47343.1	Q5FL46.1	29.577	213	117	7	45	244	39	231	2.96e-16	75.6
P47343.1	Q21SE9.1	28.571	231	147	9	18	233	23	250	3.80e-16	75.6
P47343.1	O36395.1	29.130	230	143	9	18	235	30	251	3.88e-16	75.9
P47343.1	P52345.1	30.220	182	113	7	60	236	81	253	4.97e-16	75.6
P47343.1	Q04BG7.1	30.653	199	121	7	45	238	38	224	5.06e-16	75.0
P47343.1	Q1GB22.1	30.653	199	121	7	45	238	38	224	5.38e-16	75.0
P47343.1	Q03W63.1	29.148	223	139	7	16	233	10	218	5.90e-16	74.7
P47343.1	F5HI85.1	26.609	233	154	9	8	233	24	246	1.02e-15	74.5
P47343.1	Q315T1.1	27.727	220	145	8	21	233	21	233	1.37e-15	73.9
P47343.1	P0DG74.1	27.232	224	141	7	18	233	6	215	1.49e-15	73.6
P47343.1	Q48U05.1	27.679	224	140	7	18	233	6	215	1.69e-15	73.3
P47343.1	Q8P1B6.1	27.679	224	140	7	18	233	6	215	1.98e-15	73.3
P47343.1	A8YUE7.1	27.572	243	141	8	18	245	10	232	3.05e-15	73.0
P47343.1	Q1JC76.1	27.232	224	141	7	18	233	6	215	3.07e-15	72.8
P47343.1	A2RF00.1	28.718	195	119	6	45	233	35	215	3.19e-15	72.8
P47343.1	Q5XCK3.1	27.232	224	141	7	18	233	6	215	3.29e-15	72.8
P47343.1	Q5UPT2.1	28.980	245	139	10	16	233	132	368	5.33e-15	74.2
P47343.1	B1MDP0.1	30.769	195	114	10	46	233	43	223	1.03e-14	71.6
P47343.1	Q8NQU9.1	29.493	217	117	8	46	235	47	254	1.32e-14	71.6
P47343.1	B5XL20.1	26.786	224	142	7	18	233	6	215	6.74e-14	69.1
P47343.1	A1KMX0.1	29.688	192	121	7	46	233	43	224	1.34e-13	68.5
P47343.1	Q8G3E9.1	29.565	230	119	11	28	235	5	213	2.45e-13	67.7
# PSIBLAST 2.12.0+
# Iteration: 2
# Query: P47343.1 RecName: Full=Uracil-DNA glycosylase; Short=UDG [Mycoplasmoides genitalium G37]
# Database: ../../data/swissprot
# Fields: query acc.ver, subject acc.ver, % identity, alignment length, mismatches, gap opens, q. start, q. end, s. start, s. end, evalue, bit score
# 313 hits found
P47343.1	B7GMM1.1	29.870	231	152	5	10	237	1	224	1.32e-122	348
P47343.1	Q836Z5.1	29.787	235	151	6	10	239	1	226	2.96e-122	347
P47343.1	A8GI39.1	30.870	230	143	7	17	238	6	227	1.48e-121	345
P47343.1	Q5KUD0.1	28.261	230	155	5	11	237	1	223	2.24e-121	345
P47343.1	A7GVE5.1	29.870	231	152	5	10	237	1	224	2.38e-121	344
P47343.1	P43731.1	33.921	227	136	6	15	235	1	219	2.94e-121	344
P47343.1	C5D9T3.1	28.261	230	155	5	11	237	1	223	3.84e-121	344
P47343.1	A1JKI8.1	33.036	224	136	6	17	234	6	221	3.85e-121	344
P47343.1	Q2NS03.1	31.304	230	144	6	17	240	6	227	5.58e-121	344
P47343.1	C6DC11.1	33.036	224	136	6	17	234	6	221	5.76e-121	344
P47343.1	C1DQR0.1	29.487	234	150	6	12	239	8	232	7.05e-121	343
P47343.1	P39615.1	31.602	231	144	6	10	235	1	222	8.03e-121	343
P47343.1	A6TCJ2.1	30.603	232	147	6	17	242	6	229	1.30e-120	343
P47343.1	Q1I5T6.1	30.303	231	146	6	13	237	8	229	1.35e-120	343
P47343.1	A4ITQ2.1	27.391	230	157	5	11	237	1	223	1.47e-120	342
P47343.1	B4F058.1	33.480	227	137	6	17	237	6	224	1.74e-120	342
P47343.1	Q88N05.1	30.736	231	145	6	13	237	8	229	2.92e-120	342
P47343.1	B0KV50.1	31.169	231	144	6	13	237	8	229	4.34e-120	341
P47343.1	A5W8H2.1	30.736	231	145	6	13	237	8	229	7.44e-120	341
P47343.1	A7ZA24.1	29.130	230	153	5	10	236	1	223	1.10e-119	340
P47343.1	Q65VN0.1	32.328	232	143	6	15	240	1	224	1.22e-119	340
P47343.1	Q0T1S6.1	31.739	230	143	6	17	240	6	227	1.84e-119	340
P47343.1	B1J4J3.1	29.870	231	147	6	13	237	8	229	1.91e-119	340
P47343.1	B5XNF8.1	30.603	232	147	6	17	242	6	229	2.39e-119	339
P47343.1	A8A392.1	31.466	232	145	6	17	242	6	229	2.80e-119	339
P47343.1	B5Z154.1	32.328	232	143	6	17	242	6	229	2.96e-119	339
P47343.1	B0UWA7.1	31.602	231	144	6	15	239	1	223	3.29e-119	339
P47343.1	C4LC44.1	29.870	231	148	6	15	239	1	223	3.48e-119	339
P47343.1	Q5L9D9.1	31.878	229	142	6	10	233	1	220	3.73e-119	339
P47343.1	A1AEB0.1	31.897	232	144	6	17	242	6	229	3.84e-119	339
P47343.1	Q7MNR0.2	29.646	226	145	6	17	236	6	223	3.90e-119	339
P47343.1	A5F5R5.1	32.143	224	138	6	17	234	6	221	4.39e-119	339
P47343.1	A6L7T5.1	31.441	229	143	6	10	233	1	220	4.55e-119	339
P47343.1	Q02HQ1.1	30.263	228	148	5	13	236	9	229	4.69e-119	339
P47343.1	A6VAM7.1	30.263	228	148	5	13	236	9	229	5.04e-119	339
P47343.1	B7MYL3.1	32.328	232	143	6	17	242	6	229	7.37e-119	338
P47343.1	A5UBC0.1	32.599	227	139	6	15	235	1	219	7.56e-119	338
P47343.1	B4RLL6.1	29.956	227	145	6	15	235	1	219	8.59e-119	338
P47343.1	B7NRN6.1	31.897	232	144	6	17	242	6	229	8.64e-119	338
P47343.1	Q4QPM6.1	32.599	227	139	6	15	235	1	219	9.91e-119	338
P47343.1	Q7N1U8.1	30.357	224	142	6	17	234	6	221	1.07e-118	338
P47343.1	B7LUY5.1	31.466	232	145	6	17	242	6	229	1.07e-118	338
P47343.1	Q8FF08.3	32.174	230	142	6	17	240	6	227	1.19e-118	338
P47343.1	Q4KGS0.1	27.273	231	153	6	13	237	8	229	1.32e-118	338
P47343.1	A8AD07.1	31.466	232	145	6	17	242	6	229	1.68e-118	337
P47343.1	A9LZA2.1	28.889	225	150	5	15	235	1	219	1.78e-118	337
P47343.1	Q6D208.1	32.143	224	138	6	17	234	6	221	2.35e-118	337
P47343.1	Q3BNI2.1	28.571	238	155	6	14	245	10	238	2.67e-118	337
P47343.1	Q87SC4.1	33.040	227	138	6	16	236	5	223	3.20e-118	337
P47343.1	Q9JUC4.1	28.889	225	150	5	15	235	1	219	3.50e-118	336
P47343.1	Q8A5V6.1	31.004	229	144	6	10	233	1	220	8.26e-118	335
P47343.1	A1KU26.1	29.515	227	146	6	15	235	1	219	1.09e-117	335
P47343.1	A5VIJ2.1	27.119	236	162	5	10	242	1	229	1.17e-117	335
P47343.1	A9MGV9.1	31.466	232	145	6	17	242	6	229	1.24e-117	335
P47343.1	Q9K682.1	31.304	230	148	5	11	237	1	223	1.31e-117	335
P47343.1	A3MZ80.1	30.396	227	144	6	15	235	1	219	1.53e-117	335
P47343.1	A4WDE9.1	31.416	226	141	6	17	236	6	223	1.60e-117	335
P47343.1	Q8PFZ6.1	27.542	236	160	5	14	245	10	238	1.79e-117	335
P47343.1	A7MS85.1	32.900	231	141	6	15	239	4	226	1.97e-117	335
P47343.1	A8FIM7.1	32.035	231	143	6	10	235	1	222	2.05e-117	334
P47343.1	A8MM35.1	27.155	232	159	5	10	238	1	225	2.34e-117	334
P47343.1	C1CXS7.1	29.060	234	156	5	10	240	21	247	2.55e-117	335
P47343.1	Q3KGL4.1	27.468	233	154	6	13	239	8	231	2.61e-117	334
P47343.1	B5F228.1	31.897	232	144	6	17	242	6	229	2.77e-117	334
P47343.1	Q87XE2.1	28.509	228	152	5	13	236	8	228	2.96e-117	334
P47343.1	Q4ZPC2.1	28.947	228	151	5	13	236	8	228	3.44e-117	334
P47343.1	A9N0W3.1	31.466	232	145	6	17	242	6	229	5.62e-117	333
P47343.1	Q8UCM8.1	29.555	247	159	6	3	243	1	238	5.85e-117	334
P47343.1	B8F6C3.1	31.140	228	142	6	15	236	1	219	6.35e-117	333
P47343.1	Q65DN9.1	29.870	231	152	5	10	237	1	224	6.73e-117	333
P47343.1	Q5WAZ9.1	28.205	234	158	5	11	241	1	227	7.80e-117	333
P47343.1	Q88YG1.1	28.692	237	159	5	10	243	1	230	1.03e-116	333
P47343.1	C3KDS6.1	28.139	231	151	6	13	237	8	229	1.13e-116	333
P47343.1	Q48ET5.1	28.509	228	152	5	13	236	8	228	1.23e-116	333
P47343.1	B2VEC7.1	31.839	223	138	6	17	233	6	220	1.31e-116	332
P47343.1	B6EKY3.1	30.396	227	144	6	14	234	1	219	1.41e-116	332
P47343.1	Q92LU5.1	27.778	234	154	6	14	241	7	231	1.63e-116	333
P47343.1	Q92CI1.1	28.139	231	152	6	11	236	1	222	1.79e-116	332
P47343.1	A0KMZ1.1	31.111	225	141	6	15	233	1	217	2.39e-116	332
P47343.1	B2TQZ9.1	30.043	233	149	6	10	237	1	224	2.62e-116	332
P47343.1	A6UDC0.1	27.350	234	155	6	14	241	7	231	3.00e-116	332
P47343.1	P57807.1	29.825	228	146	6	15	236	1	220	3.26e-116	331
P47343.1	C0Z887.1	28.390	236	155	6	10	240	1	227	3.55e-116	331
P47343.1	Q630K2.1	30.303	231	151	5	10	237	1	224	6.22e-116	331
P47343.1	Q9RWH9.1	28.216	241	160	7	5	240	13	245	6.40e-116	331
P47343.1	Q720K2.1	27.706	231	153	6	11	236	1	222	7.11e-116	330
P47343.1	B7HYF9.1	30.303	231	151	5	10	237	1	224	7.70e-116	330
P47343.1	B8FSV8.1	28.509	228	152	5	11	235	1	220	2.30e-115	329
P47343.1	A9VSJ0.1	30.736	231	150	5	10	237	1	224	2.32e-115	329
P47343.1	Q72X51.1	30.303	231	151	5	10	237	1	224	2.66e-115	329
P47343.1	A4SK71.1	30.942	223	140	6	17	233	3	217	2.74e-115	329
P47343.1	B6J738.1	30.263	228	148	5	17	240	9	229	2.79e-115	329
P47343.1	Q182G9.1	32.328	232	143	6	11	237	1	223	3.16e-115	329
P47343.1	B2SJF5.1	27.731	238	157	6	14	245	10	238	4.79e-115	329
P47343.1	Q0TUH0.1	28.139	231	156	5	10	237	1	224	4.82e-115	328
P47343.1	Q7VMC0.1	31.579	228	142	6	15	236	1	220	5.69e-115	328
P47343.1	B3ERG6.1	32.314	229	141	6	10	233	1	220	5.96e-115	328
P47343.1	Q03GV8.1	27.039	233	160	5	10	239	1	226	6.64e-115	328
P47343.1	A6M317.1	30.472	233	148	6	10	237	1	224	8.14e-115	328
P47343.1	A6VLV4.1	31.718	227	141	6	15	235	1	219	8.45e-115	328
P47343.1	Q83CW4.1	30.263	228	148	5	17	240	9	229	9.11e-115	328
P47343.1	Q0SWB8.1	28.139	231	156	5	10	237	1	224	1.22e-114	327
P47343.1	Q8XNR7.1	28.571	231	155	5	10	237	1	224	1.26e-114	327
P47343.1	C4Z8Z2.1	29.258	229	151	5	11	235	1	222	1.34e-114	327
P47343.1	Q8Y7P6.1	27.706	231	153	6	11	236	1	222	1.37e-114	327
P47343.1	Q5E2Y8.1	32.751	229	140	6	17	239	4	224	1.45e-114	327
P47343.1	B0RWT2.1	28.511	235	153	6	14	242	10	235	1.76e-114	327
P47343.1	C3LFS7.1	30.303	231	151	5	10	237	1	224	1.80e-114	327
P47343.1	B5FAJ7.1	32.735	223	136	6	17	233	4	218	2.11e-114	327
P47343.1	B0VD25.1	30.131	229	150	4	11	235	13	235	2.47e-114	327
P47343.1	A3M500.2	30.131	229	150	4	11	235	13	235	2.80e-114	327
P47343.1	B7HG60.1	30.303	231	151	5	10	237	1	224	4.85e-114	326
P47343.1	A9KCD5.2	30.493	223	144	5	17	235	9	224	1.46e-113	324
P47343.1	B6J089.1	29.825	228	149	5	17	240	9	229	1.59e-113	324
P47343.1	A0RLI1.1	29.870	231	152	5	10	237	1	224	1.66e-113	324
P47343.1	B0VMZ7.1	30.131	229	150	4	11	235	13	235	2.31e-113	324
P47343.1	Q5R080.1	33.484	221	134	6	18	233	3	215	3.12e-113	324
P47343.1	B7JHM3.1	29.870	231	152	5	10	237	1	224	3.16e-113	324
P47343.1	Q6HAN7.1	29.870	231	152	5	10	237	1	224	4.27e-113	323
P47343.1	B1JRB1.1	33.333	222	138	5	17	234	6	221	8.14e-113	323
P47343.1	A4TKZ2.1	33.333	222	138	5	17	234	6	221	1.33e-112	322
P47343.1	B7IRS8.1	29.870	231	152	5	10	237	1	224	1.98e-112	322
P47343.1	O84613.1	30.942	223	145	4	16	235	12	228	2.92e-112	321
P47343.1	B1I012.1	28.696	230	156	4	10	236	1	225	3.06e-112	321
P47343.1	A7FFS4.1	33.333	222	138	5	17	234	6	221	3.59e-112	321
P47343.1	B2IAB2.1	27.897	233	157	5	14	242	18	243	4.30e-112	322
P47343.1	B0B8I2.1	30.942	223	145	4	16	235	12	228	4.63e-112	321
P47343.1	Q9PA28.2	27.468	233	158	5	14	242	18	243	6.05e-112	321
P47343.1	A6TVW5.1	27.350	234	160	5	11	241	1	227	7.16e-112	320
P47343.1	Q03SK6.1	26.971	241	164	6	10	245	1	234	8.31e-112	321
P47343.1	A5FFT1.1	32.314	229	142	5	10	233	1	221	1.30e-111	319
P47343.1	A0Q7Y8.1	30.973	226	142	6	17	236	2	219	1.40e-111	319
P47343.1	A4IWI7.1	31.416	226	141	6	17	236	2	219	1.59e-111	319
P47343.1	B0U620.1	27.897	233	157	5	14	242	18	243	1.60e-111	320
P47343.1	P13051.2	30.804	224	142	6	16	234	96	311	1.66e-111	322
P47343.1	B1YFL0.1	29.778	225	148	5	14	235	1	218	2.20e-111	319
P47343.1	Q38VY5.1	29.487	234	154	6	10	240	1	226	2.78e-111	319
P47343.1	Q3IG47.1	28.319	226	151	5	15	235	1	220	3.15e-111	319
P47343.1	B0TXF5.1	33.482	224	135	6	18	235	3	218	4.57e-111	318
P47343.1	A7GVX1.1	30.568	229	144	6	12	235	8	226	5.26e-111	318
P47343.1	P97931.3	31.250	224	141	6	16	234	89	304	1.07e-110	319
P47343.1	A0M1V1.1	30.568	229	146	5	10	233	1	221	1.10e-110	317
P47343.1	Q8EPH6.1	31.356	236	148	6	10	240	1	227	1.28e-110	317
P47343.1	Q6F9Y2.1	29.004	231	150	5	11	235	13	235	1.67e-110	317
P47343.1	B2RHL6.1	30.263	228	146	6	11	233	3	222	3.15e-110	316
P47343.1	Q9LIH6.1	29.741	232	145	6	13	235	108	330	3.29e-110	319
P47343.1	A9KP29.1	29.437	231	152	5	11	237	1	224	3.50e-110	316
P47343.1	Q7MXF6.1	30.263	228	146	6	11	233	3	222	3.69e-110	316
P47343.1	Q9PJD2.1	30.493	223	146	4	17	236	13	229	3.79e-110	316
P47343.1	B2GAM7.1	25.214	234	165	5	10	240	1	227	4.85e-110	316
P47343.1	A7NAN4.1	31.416	226	141	6	17	236	2	219	6.85e-110	315
P47343.1	A7I0A8.1	31.356	236	146	6	6	235	2	227	1.60e-109	315
P47343.1	Q1IWN1.1	27.074	229	154	6	17	241	25	244	2.47e-109	314
P47343.1	Q827B3.1	29.870	231	145	7	13	237	6	225	2.63e-109	314
P47343.1	Q30Q92.1	30.263	228	145	6	13	235	5	223	2.68e-109	314
P47343.1	Q821F7.1	29.596	223	148	4	17	236	13	229	4.69e-109	313
P47343.1	Q5L4Q4.1	29.148	223	149	4	17	236	13	229	6.65e-109	313
P47343.1	Q74K70.1	27.386	241	160	7	10	245	1	231	6.66e-109	313
P47343.1	Q9K3Z0.1	29.185	233	148	7	11	237	4	225	6.86e-109	313
P47343.1	B3WCZ5.1	27.966	236	159	6	10	242	1	228	8.44e-109	313
P47343.1	A7ZAZ4.1	28.821	229	148	7	12	235	8	226	1.45e-108	312
P47343.1	A5EVB8.1	31.760	233	144	6	9	235	6	229	2.24e-108	312
P47343.1	Q4L3Q7.1	28.251	223	145	6	17	234	2	214	3.29e-108	311
P47343.1	P29950.1	29.018	224	144	6	25	242	1	215	5.87e-108	310
P47343.1	Q256I7.1	28.251	223	151	4	17	236	13	229	1.23e-107	310
P47343.1	B6YR15.1	31.441	229	143	6	10	233	1	220	3.19e-107	308
P47343.1	Q723S4.1	29.130	230	149	6	14	238	1	221	4.49e-107	308
P47343.1	Q7MA00.1	30.041	243	151	7	1	237	1	230	5.53e-107	308
P47343.1	Q64QI5.1	28.194	227	153	5	10	233	1	220	5.73e-107	308
P47343.1	P47343.1	100.000	245	0	0	1	245	1	245	6.84e-107	308
P47343.1	B9DKT3.1	26.667	225	150	6	18	237	3	217	6.89e-107	308
P47343.1	Q8EB78.1	30.667	225	142	6	17	235	2	218	7.39e-107	307
P47343.1	Q04BG7.1	26.809	235	161	6	10	241	1	227	7.90e-107	308
P47343.1	A5IQD5.1	28.251	223	145	6	17	234	2	214	9.68e-107	307
P47343.1	Q5LA67.1	28.194	227	153	5	10	233	1	220	9.68e-107	307
P47343.1	Q1GB22.1	26.809	235	161	6	10	241	1	227	1.17e-106	307
P47343.1	Q2YS83.1	28.251	223	145	6	17	234	2	214	1.25e-106	307
P47343.1	Q6GBQ6.1	28.251	223	145	6	17	234	2	214	2.69e-106	306
P47343.1	Q8Y9X7.1	28.509	228	153	5	14	238	1	221	4.34e-106	305
P47343.1	Q9Z7D3.1	29.536	237	158	4	3	236	6	236	5.07e-106	306
P47343.1	Q92EQ0.1	28.194	227	149	6	14	235	1	218	5.25e-106	305
P47343.1	P53766.2	29.778	225	147	5	18	237	128	346	5.79e-106	308
P47343.1	A0RM89.1	26.923	234	156	7	7	235	3	226	6.58e-106	305
P47343.1	Q5FL46.1	26.360	239	161	7	11	244	3	231	7.90e-106	305
P47343.1	B5RKV2.1	31.897	232	142	6	10	234	1	223	1.60e-105	304
P47343.1	Q03KM6.1	27.477	222	149	5	15	233	3	215	5.08e-105	303
P47343.1	Q8R634.1	30.472	233	148	6	11	238	1	224	6.61e-105	303
P47343.1	B2S1N8.1	31.897	232	142	6	10	234	1	223	9.22e-105	302
P47343.1	Q5HX80.1	31.466	232	143	7	11	236	10	231	1.14e-104	302
P47343.1	Q9PJ40.1	31.466	232	143	7	11	236	10	231	1.19e-104	302
P47343.1	B5RQN2.1	30.870	230	147	5	10	234	1	223	1.46e-104	302
P47343.1	A1VXG9.1	31.034	232	144	7	11	236	10	231	1.93e-104	301
P47343.1	Q49VD1.1	27.803	223	146	6	17	234	2	214	2.44e-104	301
P47343.1	A8YUE7.1	25.833	240	163	7	11	245	3	232	3.02e-104	301
P47343.1	P12887.1	30.116	259	162	7	3	245	91	346	5.13e-104	304
P47343.1	A1QYK3.1	31.466	232	143	6	10	234	1	223	5.20e-104	300
P47343.1	Q662W1.1	33.043	230	142	5	10	234	1	223	6.44e-104	300
P47343.1	A7H1G3.1	30.172	232	146	7	11	236	10	231	1.42e-103	299
P47343.1	B9KEK7.1	30.131	229	148	5	11	235	7	227	1.44e-103	299
P47343.1	A8FJP1.1	31.034	232	144	7	11	236	10	231	1.86e-103	299
P47343.1	Q8CQ65.1	29.730	222	141	6	18	234	3	214	2.29e-103	298
P47343.1	B7J0Y9.1	32.759	232	140	6	10	234	1	223	2.46e-103	298
P47343.1	Q5HRG5.1	29.730	222	141	6	18	234	3	214	4.83e-103	297
P47343.1	B8D787.1	32.000	225	140	6	17	236	4	220	1.53e-102	296
P47343.1	A4VV30.1	28.571	224	144	6	15	233	3	215	1.98e-102	296
P47343.1	A3CN85.1	28.829	222	146	5	15	233	3	215	2.77e-102	296
P47343.1	A8EWN8.1	31.081	222	140	6	17	233	2	215	3.09e-102	296
P47343.1	Q0SPB2.1	31.739	230	145	5	10	234	1	223	5.40e-102	295
P47343.1	A8AXM4.1	29.018	224	143	6	15	233	3	215	5.88e-102	295
P47343.1	P59465.1	32.174	230	142	6	10	233	1	222	8.69e-102	295
P47343.1	B9E8N2.1	30.180	222	140	6	17	233	2	213	2.08e-101	294
P47343.1	Q9U221.1	31.111	225	141	6	16	234	64	280	2.46e-101	295
P47343.1	P0A4P3.1	26.577	222	151	5	15	233	3	215	3.68e-101	293
P47343.1	Q8DTV8.1	28.571	224	144	6	15	233	3	215	9.53e-101	292
P47343.1	B1IBW9.1	27.928	222	148	5	15	233	3	215	1.90e-100	291
P47343.1	P28866.1	31.441	229	146	5	10	235	91	311	1.96e-100	294
P47343.1	C0M7J9.1	27.027	222	150	5	15	233	3	215	1.01e-99	289
P47343.1	Q057V4.1	34.632	231	138	6	10	235	1	223	1.04e-99	289
P47343.1	B4U3D4.1	27.027	222	150	5	15	233	3	215	1.15e-99	289
P47343.1	Q7VRQ7.1	32.287	223	141	5	17	235	5	221	1.17e-99	289
P47343.1	C1CKR8.1	27.928	222	148	5	15	233	3	215	1.63e-99	288
P47343.1	A1SUE5.1	30.493	223	141	6	17	233	2	216	1.81e-99	288
P47343.1	B8ZQ48.1	27.928	222	148	5	15	233	3	215	2.43e-99	288
P47343.1	C0ME57.1	27.477	222	149	5	15	233	3	215	2.82e-99	288
P47343.1	B5E4R3.1	27.928	222	148	5	15	233	3	215	3.23e-99	288
P47343.1	P52506.1	31.556	225	143	5	14	235	98	314	3.45e-99	290
P47343.1	P52507.1	31.556	225	143	5	14	235	99	315	6.29e-99	290
P47343.1	B9DSB9.1	29.018	224	143	6	15	233	3	215	8.10e-99	287
P47343.1	Q07YI6.1	31.696	224	139	6	18	235	5	220	9.58e-99	287
P47343.1	O74834.1	29.114	237	156	7	6	236	74	304	2.97e-98	288
P47343.1	B2UDL1.1	30.043	233	146	6	17	239	38	263	4.93e-97	283
P47343.1	Q7P1I1.1	26.360	239	161	6	7	239	4	233	6.70e-97	283
P47343.1	Q48U05.1	26.577	222	151	5	15	233	3	215	1.39e-96	281
P47343.1	P10186.1	28.261	230	154	5	9	235	113	334	1.90e-96	284
P47343.1	Q1JC76.1	26.126	222	152	5	15	233	3	215	5.60e-96	279
P47343.1	A2RF00.1	25.676	222	153	5	15	233	3	215	1.01e-95	279
P47343.1	B5XL20.1	25.676	222	153	5	15	233	3	215	1.45e-95	278
P47343.1	P28275.1	27.826	230	155	5	9	235	34	255	2.50e-95	279
P47343.1	Q1J724.1	26.339	224	149	6	15	233	3	215	2.91e-95	278
P47343.1	P0DG74.1	26.126	222	152	5	15	233	3	215	5.00e-95	277
P47343.1	Q8P1B6.1	26.577	222	151	5	15	233	3	215	5.54e-95	277
P47343.1	Q7VGS1.1	28.692	237	144	7	11	233	7	232	1.27e-94	277
P47343.1	Q5XCK3.1	26.126	222	152	5	15	233	3	215	7.19e-94	274
P47343.1	Q8XVE4.1	28.821	229	142	7	17	233	41	260	1.28e-93	275
P47343.1	P09307.1	29.130	230	151	5	11	236	84	305	2.45e-92	272
P47343.1	Q9J3N2.1	29.130	230	151	5	11	236	84	305	3.20e-92	272
P47343.1	B1MXY4.1	26.316	228	152	6	11	233	1	217	5.17e-92	269
P47343.1	P13158.1	26.991	226	154	5	9	231	74	291	6.05e-92	271
P47343.1	Q9E6R2.1	29.204	226	151	5	14	236	93	312	1.10e-91	271
P47343.1	B2HIJ2.1	23.504	234	164	8	8	236	4	227	1.54e-91	269
P47343.1	A0PQ07.1	23.932	234	163	7	8	236	4	227	2.48e-91	268
P47343.1	A0QV01.1	24.359	234	162	8	8	236	4	227	3.03e-91	268
P47343.1	A1UEC0.1	25.641	234	159	7	8	236	4	227	3.05e-91	268
P47343.1	Q8FPQ4.1	28.194	227	147	8	14	235	23	238	3.66e-91	268
P47343.1	Q5YRZ2.1	24.359	234	162	7	8	236	4	227	4.10e-91	267
P47343.1	B8ZS02.1	24.786	234	161	7	8	236	4	227	1.88e-90	266
P47343.1	Q03W63.1	26.201	229	152	6	11	233	1	218	1.88e-90	265
P47343.1	A0QJA9.1	24.359	234	162	7	8	236	4	227	2.64e-90	265
P47343.1	Q73VJ7.1	24.359	234	162	7	8	236	4	227	2.81e-90	265
P47343.1	A4TE31.1	25.214	234	158	7	8	236	4	225	5.93e-90	264
P47343.1	B1MDP0.1	23.077	234	164	7	8	236	4	226	1.06e-89	264
P47343.1	A1T717.1	24.359	234	160	8	8	236	4	225	2.43e-89	263
P47343.1	Q7VUM8.1	28.448	232	151	6	18	243	23	245	2.57e-89	263
P47343.1	Q032L5.1	31.556	225	136	6	17	234	5	218	2.57e-89	263
P47343.1	Q7W1Y7.1	28.448	232	151	6	18	243	23	245	4.26e-89	263
P47343.1	Q7WQW5.1	28.448	232	151	6	18	243	23	245	4.51e-89	263
P47343.1	A2RHW2.1	31.556	225	136	6	17	234	5	218	5.47e-89	262
P47343.1	Q9CIX2.1	30.667	225	138	6	17	234	5	218	6.40e-89	261
P47343.1	Q315T1.1	26.866	201	135	5	40	233	38	233	7.44e-89	262
P47343.1	Q47Q90.1	22.083	240	170	7	2	236	1	228	9.71e-88	259
P47343.1	Q21SE9.1	26.383	235	155	7	14	233	19	250	1.46e-87	259
P47343.1	P53764.1	30.332	211	136	6	29	236	2	204	2.30e-87	257
P47343.1	O36395.1	27.632	228	149	7	18	235	30	251	4.44e-87	258
P47343.1	Q98PV4.1	33.484	221	137	5	18	235	7	220	6.07e-87	257
P47343.1	A9IGW1.1	27.706	231	151	7	16	238	21	243	8.36e-87	257
P47343.1	A1SNW4.1	26.407	231	153	8	11	236	10	228	9.08e-87	256
P47343.1	P75536.1	56.034	232	102	0	3	234	1	232	1.26e-86	256
P47343.1	P12888.1	28.384	229	146	8	18	235	34	255	1.72e-86	256
P47343.1	B5ZC55.1	31.507	219	138	6	18	233	3	212	2.90e-86	255
P47343.1	P53765.2	29.741	232	147	8	14	235	29	254	4.89e-86	255
P47343.1	Q9EX12.1	25.424	236	159	8	6	236	2	225	3.90e-85	252
P47343.1	Q2L0Y2.1	25.105	239	166	6	2	234	7	238	4.92e-85	252
P47343.1	Q8NQU9.1	25.203	246	150	8	14	235	19	254	8.03e-85	252
P47343.1	Q01019.1	30.622	209	128	7	37	236	52	252	1.35e-83	249
P47343.1	Q82MX6.1	26.695	236	156	8	6	236	2	225	3.52e-83	247
P47343.1	B1AJI8.1	31.963	219	137	6	18	233	3	212	1.52e-82	245
P47343.1	A8LD98.1	24.786	234	159	7	8	236	4	225	1.86e-82	245
P47343.1	F5HFA1.1	24.900	249	169	8	1	238	14	255	1.50e-81	244
P47343.1	A1KMX0.1	23.932	234	163	7	8	236	4	227	1.93e-81	243
P47343.1	Q4A8N4.1	34.842	221	135	4	17	235	6	219	4.55e-81	242
P47343.1	Q1GHJ4.1	28.384	229	144	7	19	239	11	227	1.82e-80	240
P47343.1	P67078.1	24.670	227	160	6	13	236	12	230	3.06e-80	240
P47343.1	Q1CRR1.1	34.450	209	115	8	17	211	12	212	8.03e-80	239
P47343.1	Q9ZJN9.1	33.493	209	117	8	17	211	12	212	1.02e-79	238
P47343.1	B2UVB0.1	32.618	233	132	9	17	235	12	233	1.08e-79	238
P47343.1	B5Z8Z4.1	30.043	233	138	9	17	235	12	233	4.31e-79	237
P47343.1	P56397.1	32.536	209	119	8	17	211	12	212	4.59e-79	237
P47343.1	Q6UDG6.1	28.139	231	155	5	9	236	140	362	6.08e-79	240
P47343.1	Q8G3E9.1	25.571	219	142	7	28	235	5	213	8.94e-79	236
P47343.1	B6JNI4.1	33.014	209	118	8	17	211	12	212	8.75e-78	234
P47343.1	F5HI85.1	23.932	234	163	8	8	235	24	248	1.44e-77	233
P47343.1	P50639.1	27.941	204	135	6	39	238	58	253	6.23e-77	232
P47343.1	Q17Z05.1	29.614	233	139	9	17	235	12	233	2.02e-76	230
P47343.1	P52447.1	26.891	238	157	9	8	237	26	254	2.20e-75	228
P47343.1	P52345.1	26.050	238	159	9	8	237	26	254	1.44e-73	223
P47343.1	Q5UPT2.1	28.340	247	142	9	16	235	132	370	2.21e-64	203
P47343.1	P21968.2	22.872	188	125	10	47	233	44	212	8.23e-11	60.8
P47343.1	M1LL92.1	19.626	214	145	10	28	234	20	213	4.66e-07	50.7
P47343.1	P04303.2	19.626	214	145	10	28	234	20	213	9.75e-07	49.9
P47343.1	Q91UM2.1	19.626	214	145	10	28	234	20	213	1.40e-06	49.3
P47343.1	P20536.1	19.626	214	145	10	28	234	20	213	2.63e-06	48.7
P47343.1	P0DSP8.1	19.626	214	145	10	28	234	20	213	3.09e-06	48.4
P47343.1	P0DSP7.1	19.159	214	146	10	28	234	20	213	4.40e-06	47.9
# PSIBLAST 2.12.0+
# Iteration: 3
# Query: P47343.1 RecName: Full=Uracil-DNA glycosylase; Short=UDG [Mycoplasmoides genitalium G37]
# Database: ../../data/swissprot
# Fields: query acc.ver, subject acc.ver, % identity, alignment length, mismatches, gap opens, q. start, q. end, s. start, s. end, evalue, bit score
# 314 hits found
P47343.1	B7GMM1.1	29.870	231	152	5	10	237	1	224	8.70e-129	363
P47343.1	Q836Z5.1	28.755	233	156	5	10	239	1	226	1.19e-128	363
P47343.1	A7GVE5.1	29.870	231	152	5	10	237	1	224	4.64e-128	362
P47343.1	Q5KUD0.1	28.261	230	155	5	11	237	1	223	1.24e-126	358
P47343.1	C5D9T3.1	28.261	230	155	5	11	237	1	223	2.15e-126	357
P47343.1	P39615.1	31.441	229	147	5	10	235	1	222	5.07e-126	356
P47343.1	C1DQR0.1	28.879	232	154	5	12	239	8	232	1.13e-125	356
P47343.1	A4ITQ2.1	27.391	230	157	5	11	237	1	223	1.29e-125	355
P47343.1	Q1I5T6.1	29.130	230	152	5	12	237	7	229	1.38e-125	355
P47343.1	A7ZA24.1	29.130	230	153	5	10	236	1	223	1.85e-125	355
P47343.1	B0KV50.1	30.000	230	150	5	12	237	7	229	4.97e-125	354
P47343.1	Q88N05.1	29.565	230	151	5	12	237	7	229	5.05e-125	354
P47343.1	Q02HQ1.1	29.694	229	150	5	12	236	8	229	1.01e-124	353
P47343.1	Q4KGS0.1	26.087	230	159	5	12	237	7	229	1.21e-124	353
P47343.1	A6VAM7.1	29.694	229	150	5	12	236	8	229	1.25e-124	353
P47343.1	A5W8H2.1	29.565	230	151	5	12	237	7	229	1.80e-124	353
P47343.1	B1J4J3.1	28.696	230	153	5	12	237	7	229	2.94e-124	352
P47343.1	A8MM35.1	27.155	232	159	5	10	238	1	225	4.39e-124	351
P47343.1	Q2NS03.1	30.702	228	148	5	17	240	6	227	5.32e-124	351
P47343.1	A6L7T5.1	31.441	229	143	6	10	233	1	220	7.39e-124	351
P47343.1	Q9K682.1	31.304	230	148	5	11	237	1	223	8.03e-124	351
P47343.1	B7HYF9.1	30.303	231	151	5	10	237	1	224	9.57e-124	351
P47343.1	Q630K2.1	30.303	231	151	5	10	237	1	224	1.19e-123	350
P47343.1	Q5L9D9.1	31.878	229	142	6	10	233	1	220	1.33e-123	350
P47343.1	A1JKI8.1	32.432	222	140	5	17	234	6	221	1.47e-123	350
P47343.1	C6DC11.1	31.441	229	145	6	17	239	6	228	1.51e-123	350
P47343.1	A5VIJ2.1	27.119	236	162	5	10	242	1	229	1.99e-123	350
P47343.1	Q3KGL4.1	26.724	232	159	5	12	239	7	231	2.36e-123	350
P47343.1	Q72X51.1	30.303	231	151	5	10	237	1	224	2.68e-123	350
P47343.1	A8GI39.1	30.000	230	145	7	17	238	6	227	3.23e-123	349
P47343.1	Q65DN9.1	29.870	231	152	5	10	237	1	224	4.68e-123	349
P47343.1	A8FIM7.1	31.878	229	146	5	10	235	1	222	6.18e-123	348
P47343.1	A9VSJ0.1	30.736	231	150	5	10	237	1	224	7.66e-123	348
P47343.1	B4RLL6.1	29.333	225	149	5	15	235	1	219	8.39e-123	348
P47343.1	A9LZA2.1	28.889	225	150	5	15	235	1	219	9.16e-123	348
P47343.1	A6TCJ2.1	30.172	232	148	6	17	242	6	229	1.01e-122	348
P47343.1	Q92LU5.1	26.496	234	161	5	12	241	5	231	1.12e-122	348
P47343.1	Q88YG1.1	28.692	237	159	5	10	243	1	230	1.84e-122	348
P47343.1	Q8UCM8.1	28.163	245	165	5	3	243	1	238	2.80e-122	347
P47343.1	B2TQZ9.1	29.870	231	152	5	10	237	1	224	2.95e-122	347
P47343.1	Q5WAZ9.1	28.205	234	158	5	11	241	1	227	3.29e-122	347
P47343.1	Q3BNI2.1	27.731	238	161	5	12	245	8	238	3.42e-122	347
P47343.1	Q4ZPC2.1	28.384	229	153	5	12	236	7	228	3.42e-122	347
P47343.1	Q7MNR0.2	29.646	226	145	6	17	236	6	223	3.49e-122	347
P47343.1	C3LFS7.1	30.303	231	151	5	10	237	1	224	3.60e-122	346
P47343.1	Q87XE2.1	27.948	229	154	5	12	236	7	228	3.76e-122	347
P47343.1	C3KDS6.1	26.957	230	157	5	12	237	7	229	4.10e-122	346
P47343.1	B7HG60.1	30.303	231	151	5	10	237	1	224	4.72e-122	346
P47343.1	A6UDC0.1	26.068	234	162	5	12	241	5	231	4.96e-122	347
P47343.1	P43731.1	32.444	225	142	5	15	235	1	219	5.13e-122	346
P47343.1	Q03GV8.1	27.039	233	160	5	10	239	1	226	5.77e-122	346
P47343.1	B0UWA7.1	31.169	231	145	6	15	239	1	223	6.42e-122	346
P47343.1	Q6D208.1	31.004	229	146	6	17	239	6	228	6.60e-122	346
P47343.1	Q9JUC4.1	28.889	225	150	5	15	235	1	219	7.16e-122	346
P47343.1	A1KU26.1	28.889	225	150	5	15	235	1	219	7.33e-122	346
P47343.1	Q0TUH0.1	28.139	231	156	5	10	237	1	224	8.76e-122	346
P47343.1	A8A392.1	30.172	232	152	5	15	242	4	229	1.02e-121	346
P47343.1	Q0T1S6.1	30.172	232	152	5	15	242	4	229	1.03e-121	346
P47343.1	B5Z154.1	31.034	232	150	5	15	242	4	229	1.14e-121	345
P47343.1	Q8A5V6.1	31.004	229	144	6	10	233	1	220	1.25e-121	345
P47343.1	Q8XNR7.1	28.571	231	155	5	10	237	1	224	1.27e-121	345
P47343.1	C0Z887.1	28.151	238	157	6	10	242	1	229	1.31e-121	345
P47343.1	Q8PFZ6.1	27.311	238	162	5	12	245	8	238	1.45e-121	345
P47343.1	A1AEB0.1	30.603	232	151	5	15	242	4	229	1.46e-121	345
P47343.1	Q0SWB8.1	28.139	231	156	5	10	237	1	224	1.54e-121	345
P47343.1	B5XNF8.1	30.603	232	147	6	17	242	6	229	1.54e-121	345
P47343.1	Q48ET5.1	27.948	229	154	5	12	236	7	228	1.56e-121	345
P47343.1	A6M317.1	29.870	231	152	5	10	237	1	224	2.12e-121	344
P47343.1	B7MYL3.1	31.034	232	150	5	15	242	4	229	2.51e-121	344
P47343.1	A0RLI1.1	29.870	231	152	5	10	237	1	224	2.54e-121	344
P47343.1	B7NRN6.1	30.603	232	151	5	15	242	4	229	2.91e-121	344
P47343.1	Q8FF08.3	30.736	231	150	5	15	241	4	228	3.08e-121	344
P47343.1	C1CXS7.1	28.632	234	157	5	10	240	21	247	4.53e-121	344
P47343.1	B7LUY5.1	30.172	232	152	5	15	242	4	229	4.88e-121	344
P47343.1	B7JHM3.1	29.870	231	152	5	10	237	1	224	6.13e-121	343
P47343.1	B4F058.1	33.480	227	137	6	17	237	6	224	6.64e-121	343
P47343.1	A8AD07.1	31.034	232	146	6	17	242	6	229	6.76e-121	343
P47343.1	A9MGV9.1	30.172	232	152	5	15	242	4	229	6.76e-121	343
P47343.1	Q6HAN7.1	29.870	231	152	5	10	237	1	224	7.07e-121	343
P47343.1	B5F228.1	30.603	232	151	5	15	242	4	229	7.14e-121	343
P47343.1	Q87SC4.1	32.174	230	142	6	16	239	5	226	8.56e-121	343
P47343.1	C4LC44.1	28.384	229	154	5	15	239	1	223	1.01e-120	343
P47343.1	A7MS85.1	32.174	230	142	6	16	239	5	226	1.09e-120	343
P47343.1	A9N0W3.1	30.172	232	152	5	15	242	4	229	1.17e-120	343
P47343.1	B8FSV8.1	28.384	229	153	5	11	236	1	221	1.17e-120	343
P47343.1	Q7N1U8.1	30.357	224	142	6	17	234	6	221	1.25e-120	343
P47343.1	A5F5R5.1	31.081	222	143	5	17	234	6	221	2.24e-120	342
P47343.1	B7IRS8.1	29.870	231	152	5	10	237	1	224	2.34e-120	342
P47343.1	Q65VN0.1	31.739	230	147	5	15	240	1	224	2.40e-120	342
P47343.1	B6J738.1	30.131	229	149	5	16	240	8	229	3.08e-120	342
P47343.1	A4WDE9.1	29.565	230	152	5	17	242	6	229	3.28e-120	342
P47343.1	Q83CW4.1	30.131	229	149	5	16	240	8	229	8.24e-120	341
P47343.1	A3MZ80.1	30.396	227	144	6	15	235	1	219	1.24e-119	340
P47343.1	B0RWT2.1	27.660	235	159	5	12	242	8	235	1.72e-119	340
P47343.1	B3ERG6.1	30.837	227	147	5	10	233	1	220	2.63e-119	339
P47343.1	B6EKY3.1	30.396	227	144	6	14	234	1	219	2.68e-119	339
P47343.1	B2SJF5.1	26.891	238	163	5	12	245	8	238	2.75e-119	340
P47343.1	A5UBC0.1	31.111	225	145	5	15	235	1	219	3.47e-119	339
P47343.1	Q9RWH9.1	25.714	245	171	7	2	242	10	247	4.82e-119	339
P47343.1	C4Z8Z2.1	29.130	230	152	5	11	236	1	223	5.23e-119	339
P47343.1	Q92CI1.1	27.948	229	155	5	11	236	1	222	5.61e-119	338
P47343.1	B8F6C3.1	31.140	228	142	6	15	236	1	219	6.01e-119	338
P47343.1	B6J089.1	29.694	229	150	5	16	240	8	229	1.20e-118	338
P47343.1	Q4QPM6.1	31.556	225	144	5	15	235	1	219	1.49e-118	337
P47343.1	Q182G9.1	31.739	230	147	5	11	237	1	223	1.51e-118	337
P47343.1	A6TVW5.1	27.350	234	160	5	11	241	1	227	1.71e-118	337
P47343.1	Q720K2.1	27.511	229	156	5	11	236	1	222	1.85e-118	337
P47343.1	A9KCD5.2	30.357	224	145	5	16	235	8	224	2.81e-118	337
P47343.1	B2GAM7.1	25.214	234	165	5	10	240	1	227	2.89e-118	337
P47343.1	A0KMZ1.1	29.596	223	147	5	15	233	1	217	3.19e-118	336
P47343.1	B2VEC7.1	30.531	226	145	6	17	236	6	225	5.11e-118	336
P47343.1	B0VD25.1	30.131	229	150	4	11	235	13	235	1.57e-117	335
P47343.1	Q8Y7P6.1	27.511	229	156	5	11	236	1	222	1.64e-117	335
P47343.1	B1I012.1	28.821	229	155	4	10	235	1	224	1.76e-117	335
P47343.1	A3M500.2	30.131	229	150	4	11	235	13	235	1.86e-117	335
P47343.1	Q03SK6.1	26.971	241	164	6	10	245	1	234	2.79e-117	334
P47343.1	O84613.1	30.263	228	150	4	12	236	8	229	2.89e-117	334
P47343.1	A4SK71.1	30.667	225	142	6	15	233	1	217	2.94e-117	334
P47343.1	Q5E2Y8.1	33.184	223	135	6	17	233	4	218	3.14e-117	334
P47343.1	B5FAJ7.1	32.735	223	136	6	17	233	4	218	3.54e-117	334
P47343.1	B0B8I2.1	30.263	228	150	4	12	236	8	229	3.58e-117	334
P47343.1	Q38VY5.1	29.060	234	155	6	10	240	1	226	6.38e-117	333
P47343.1	P57807.1	29.956	227	145	6	15	235	1	219	9.99e-117	333
P47343.1	B0VMZ7.1	30.131	229	150	4	11	235	13	235	1.39e-116	333
P47343.1	A6VLV4.1	31.004	229	144	6	15	237	1	221	3.59e-116	331
P47343.1	Q9PA28.2	27.234	235	160	5	12	242	16	243	4.83e-116	332
P47343.1	Q7MXF6.1	29.646	226	150	5	11	233	3	222	4.89e-116	331
P47343.1	Q9LIH6.1	28.879	232	151	5	11	235	106	330	4.99e-116	334
P47343.1	B2IAB2.1	27.660	235	159	5	12	242	16	243	5.75e-116	332
P47343.1	B2RHL6.1	29.646	226	150	5	11	233	3	222	6.11e-116	331
P47343.1	B1JRB1.1	33.333	222	138	5	17	234	6	221	8.76e-116	330
P47343.1	Q7VMC0.1	30.973	226	146	5	15	236	1	220	1.07e-115	330
P47343.1	A4TKZ2.1	33.333	222	138	5	17	234	6	221	1.09e-115	330
P47343.1	B1YFL0.1	29.778	225	148	5	14	235	1	218	1.26e-115	330
P47343.1	Q3IG47.1	28.319	226	151	6	15	235	1	220	1.69e-115	329
P47343.1	B0U620.1	27.660	235	159	5	12	242	16	243	1.72e-115	330
P47343.1	A7FFS4.1	33.333	222	138	5	17	234	6	221	2.32e-115	329
P47343.1	Q9PJD2.1	29.956	227	150	4	12	235	8	228	2.48e-115	329
P47343.1	A9KP29.1	29.437	231	152	5	11	237	1	224	6.21e-115	328
P47343.1	Q6F9Y2.1	28.384	229	154	4	11	235	13	235	6.61e-115	328
P47343.1	Q74K70.1	26.778	239	164	6	10	245	1	231	8.56e-115	328
P47343.1	B3WCZ5.1	27.542	236	160	6	10	242	1	228	1.38e-114	327
P47343.1	Q8EPH6.1	30.932	236	149	6	10	240	1	227	1.44e-114	327
P47343.1	Q5L4Q4.1	28.634	227	153	4	13	236	9	229	1.51e-114	327
P47343.1	P13051.2	30.180	222	146	5	16	234	96	311	2.44e-114	329
P47343.1	A0Q7Y8.1	30.045	223	146	5	17	235	2	218	2.47e-114	326
P47343.1	Q821F7.1	29.075	227	152	4	13	236	9	229	2.52e-114	327
P47343.1	A4IWI7.1	30.493	223	145	5	17	235	2	218	3.44e-114	326
P47343.1	Q5R080.1	33.484	221	134	6	18	233	3	215	4.22e-114	326
P47343.1	A5FFT1.1	30.837	227	148	4	10	233	1	221	6.87e-114	325
P47343.1	Q1IWN1.1	25.974	231	160	6	14	241	22	244	8.22e-114	326
P47343.1	Q4L3Q7.1	27.149	221	150	5	17	234	2	214	8.78e-114	325
P47343.1	Q827B3.1	28.571	231	150	6	12	237	5	225	9.24e-114	325
P47343.1	B9DKT3.1	26.009	223	154	5	18	237	3	217	1.04e-113	325
P47343.1	A5IQD5.1	27.602	221	149	5	17	234	2	214	1.18e-113	325
P47343.1	Q2YS83.1	27.602	221	149	5	17	234	2	214	1.19e-113	325
P47343.1	Q30Q92.1	30.531	226	147	5	13	235	5	223	1.38e-113	324
P47343.1	Q9K3Z0.1	28.139	231	151	6	12	237	5	225	1.74e-113	324
P47343.1	Q256I7.1	27.753	227	155	4	13	236	9	229	2.08e-113	324
P47343.1	B0TXF5.1	32.883	222	139	5	18	235	3	218	2.37e-113	324
P47343.1	B6YR15.1	31.004	229	144	6	10	233	1	220	3.03e-113	324
P47343.1	Q6GBQ6.1	27.602	221	149	5	17	234	2	214	3.28e-113	324
P47343.1	P29950.1	29.018	224	144	6	25	242	1	215	3.30e-113	323
P47343.1	P97931.3	30.631	222	145	5	16	234	89	304	4.04e-113	326
P47343.1	A7GVX1.1	28.205	234	157	5	7	237	3	228	5.27e-113	323
P47343.1	Q723S4.1	28.509	228	153	5	14	238	1	221	5.81e-113	323
P47343.1	A0M1V1.1	29.515	227	151	4	10	233	1	221	7.92e-113	323
P47343.1	Q64QI5.1	28.194	227	153	5	10	233	1	220	8.64e-113	323
P47343.1	Q9Z7D3.1	29.536	237	158	4	3	236	6	236	8.99e-113	323
P47343.1	Q04BG7.1	26.809	235	161	6	10	241	1	227	9.84e-113	323
P47343.1	Q1GB22.1	26.809	235	161	6	10	241	1	227	1.29e-112	322
P47343.1	Q8Y9X7.1	28.509	228	153	5	14	238	1	221	1.35e-112	322
P47343.1	Q5LA67.1	28.194	227	153	5	10	233	1	220	1.46e-112	322
P47343.1	A7NAN4.1	30.493	223	145	5	17	235	2	218	3.30e-112	321
P47343.1	Q92EQ0.1	27.556	225	153	5	14	235	1	218	8.57e-112	320
P47343.1	Q5FL46.1	25.738	237	165	6	11	244	3	231	2.55e-111	319
P47343.1	A7ZAZ4.1	27.632	228	154	6	11	235	7	226	3.21e-111	319
P47343.1	A7I0A8.1	30.342	234	151	5	6	235	2	227	4.39e-111	319
P47343.1	Q03KM6.1	27.477	222	149	5	15	233	3	215	5.22e-111	318
P47343.1	Q49VD1.1	26.697	221	151	5	17	234	2	214	1.34e-110	317
P47343.1	Q8EB78.1	30.045	223	146	5	17	235	2	218	1.39e-110	317
P47343.1	B5RKV2.1	31.304	230	146	5	10	234	1	223	2.27e-110	316
P47343.1	A8YUE7.1	25.210	238	167	6	11	245	3	232	2.43e-110	317
P47343.1	Q8R634.1	29.870	231	152	5	11	238	1	224	2.65e-110	316
P47343.1	A5EVB8.1	30.303	231	150	5	9	235	6	229	6.10e-110	315
P47343.1	B5RQN2.1	30.870	230	147	5	10	234	1	223	6.48e-110	315
P47343.1	A0RM89.1	24.681	235	166	5	6	237	2	228	1.15e-109	315
P47343.1	A3CN85.1	28.829	222	146	5	15	233	3	215	1.87e-109	314
P47343.1	B2S1N8.1	30.870	230	147	5	10	234	1	223	4.06e-109	313
P47343.1	A8AXM4.1	28.378	222	147	5	15	233	3	215	4.63e-109	313
P47343.1	Q7MA00.1	28.631	241	157	6	1	237	1	230	5.29e-109	313
P47343.1	A4VV30.1	27.928	222	148	5	15	233	3	215	6.51e-109	312
P47343.1	A1QYK3.1	30.435	230	148	5	10	234	1	223	1.10e-108	312
P47343.1	Q662W1.1	33.043	230	142	5	10	234	1	223	2.16e-108	311
P47343.1	Q8CQ65.1	28.636	220	146	5	18	234	3	214	8.13e-108	310
P47343.1	B7J0Y9.1	32.174	230	144	5	10	234	1	223	2.36e-107	309
P47343.1	B9E8N2.1	29.545	220	144	5	17	233	2	213	2.68e-107	308
P47343.1	P53766.2	29.333	225	148	5	18	237	128	346	3.45e-107	312
P47343.1	Q5HRG5.1	28.636	220	146	5	18	234	3	214	3.47e-107	308
P47343.1	P0A4P3.1	27.027	222	150	5	15	233	3	215	3.47e-107	308
P47343.1	B9KEK7.1	28.696	230	152	6	10	235	6	227	4.95e-107	308
P47343.1	Q8DTV8.1	27.928	222	148	5	15	233	3	215	6.01e-107	308
P47343.1	Q5HX80.1	30.870	230	147	7	11	236	10	231	7.54e-107	308
P47343.1	A1VXG9.1	30.435	230	148	7	11	236	10	231	8.03e-107	308
P47343.1	Q9PJ40.1	30.870	230	147	7	11	236	10	231	8.10e-107	308
P47343.1	C0M7J9.1	27.027	222	150	5	15	233	3	215	1.04e-106	307
P47343.1	B4U3D4.1	27.027	222	150	5	15	233	3	215	1.27e-106	307
P47343.1	Q0SPB2.1	31.739	230	145	5	10	234	1	223	1.89e-106	306
P47343.1	B8D787.1	31.982	222	142	5	17	235	4	219	2.74e-106	306
P47343.1	C0ME57.1	27.477	222	149	5	15	233	3	215	4.65e-106	305
P47343.1	A7H1G3.1	29.565	230	150	7	11	236	10	231	4.71e-106	306
P47343.1	B1IBW9.1	27.928	222	148	5	15	233	3	215	5.04e-106	305
P47343.1	P12887.1	30.116	259	162	7	3	245	91	346	6.79e-106	309
P47343.1	A8FJP1.1	30.435	230	148	7	11	236	10	231	1.95e-105	304
P47343.1	P59465.1	32.174	230	142	6	10	233	1	222	3.39e-105	303
P47343.1	C1CKR8.1	27.928	222	148	5	15	233	3	215	8.84e-105	302
P47343.1	B9DSB9.1	27.928	222	148	5	15	233	3	215	9.27e-105	302
P47343.1	B8ZQ48.1	27.928	222	148	5	15	233	3	215	1.19e-104	302
P47343.1	B5E4R3.1	27.928	222	148	5	15	233	3	215	1.24e-104	302
P47343.1	A8EWN8.1	30.455	220	144	5	17	233	2	215	1.37e-104	301
P47343.1	Q48U05.1	26.577	222	151	5	15	233	3	215	6.64e-104	300
P47343.1	Q7VRQ7.1	32.287	223	141	5	17	235	5	221	1.70e-103	299
P47343.1	Q1JC76.1	26.126	222	152	5	15	233	3	215	2.90e-103	298
P47343.1	A1SUE5.1	30.045	223	142	6	17	233	2	216	3.86e-103	298
P47343.1	Q7P1I1.1	25.523	239	167	5	7	241	4	235	5.65e-103	298
P47343.1	B5XL20.1	25.676	222	153	5	15	233	3	215	5.79e-103	297
P47343.1	A2RF00.1	25.676	222	153	5	15	233	3	215	6.47e-103	297
P47343.1	Q9U221.1	28.571	224	148	6	16	234	64	280	8.52e-103	299
P47343.1	Q1J724.1	26.126	222	152	5	15	233	3	215	1.55e-102	296
P47343.1	P0DG74.1	26.126	222	152	5	15	233	3	215	1.89e-102	296
P47343.1	B2UDL1.1	29.237	236	150	6	14	239	35	263	1.99e-102	297
P47343.1	Q8P1B6.1	26.577	222	151	5	15	233	3	215	2.49e-102	296
P47343.1	Q07YI6.1	31.081	222	143	5	18	235	5	220	3.40e-102	296
P47343.1	Q5XCK3.1	26.126	222	152	5	15	233	3	215	2.34e-101	293
P47343.1	Q057V4.1	32.751	229	145	5	10	235	1	223	3.00e-101	293
P47343.1	O74834.1	28.692	237	157	7	4	234	72	302	1.70e-100	294
P47343.1	A1UEC0.1	25.214	234	160	7	8	236	4	227	2.41e-100	291
P47343.1	P28866.1	30.435	230	149	5	10	236	91	312	3.78e-100	293
P47343.1	A0QV01.1	24.359	234	162	7	8	236	4	227	4.85e-100	290
P47343.1	Q8XVE4.1	27.778	234	152	6	14	237	38	264	5.22e-100	291
P47343.1	B8ZS02.1	24.786	234	161	7	8	236	4	227	1.03e-99	289
P47343.1	A4TE31.1	24.786	234	159	7	8	236	4	225	1.63e-99	289
P47343.1	A1T717.1	24.359	234	160	8	8	236	4	225	2.85e-99	288
P47343.1	B2HIJ2.1	23.504	234	164	8	8	236	4	227	4.48e-99	288
P47343.1	A0PQ07.1	23.932	234	163	7	8	236	4	227	6.05e-99	287
P47343.1	Q47Q90.1	22.500	240	169	8	2	236	1	228	6.45e-99	287
P47343.1	Q73VJ7.1	24.359	234	162	7	8	236	4	227	8.31e-99	287
P47343.1	A0QJA9.1	24.359	234	162	7	8	236	4	227	1.04e-98	287
P47343.1	P52506.1	29.825	228	149	5	11	235	95	314	1.31e-98	289
P47343.1	B1MXY4.1	25.221	226	157	5	11	233	1	217	1.54e-98	286
P47343.1	P52507.1	29.825	228	149	5	11	235	96	315	2.15e-98	288
P47343.1	B1MDP0.1	23.077	234	164	7	8	236	4	226	3.44e-98	285
P47343.1	Q7VGS1.1	27.660	235	149	7	11	233	7	232	1.11e-97	284
P47343.1	Q5YRZ2.1	24.359	234	162	7	8	236	4	227	1.35e-97	284
P47343.1	P10186.1	27.391	230	156	5	9	235	113	334	2.93e-97	286
P47343.1	P28275.1	26.957	230	157	5	9	235	34	255	2.84e-96	281
P47343.1	Q8FPQ4.1	28.194	227	147	9	14	235	23	238	3.80e-96	281
P47343.1	Q03W63.1	25.110	227	157	5	11	233	1	218	3.89e-96	280
P47343.1	Q9EX12.1	25.000	236	160	7	6	236	2	225	1.62e-94	276
P47343.1	Q7VUM8.1	28.017	232	152	6	18	243	23	245	5.50e-94	275
P47343.1	Q7W1Y7.1	28.017	232	152	6	18	243	23	245	7.14e-94	275
P47343.1	Q7WQW5.1	28.017	232	152	6	18	243	23	245	7.98e-94	275
P47343.1	P09307.1	28.384	229	152	5	11	235	84	304	1.32e-93	276
P47343.1	Q9J3N2.1	28.384	229	152	5	11	235	84	304	1.72e-93	276
P47343.1	A1SNW4.1	25.751	233	156	7	11	238	10	230	1.88e-93	274
P47343.1	Q032L5.1	29.596	223	143	5	17	234	5	218	2.44e-93	273
P47343.1	Q9E6R2.1	28.319	226	153	5	14	236	93	312	3.07e-93	275
P47343.1	A2RHW2.1	29.596	223	143	5	17	234	5	218	3.86e-93	272
P47343.1	P13158.1	26.106	226	156	5	9	231	74	291	4.29e-93	274
P47343.1	Q9CIX2.1	28.700	223	145	5	17	234	5	218	4.35e-93	272
P47343.1	Q82MX6.1	26.271	236	157	8	6	236	2	225	9.61e-93	272
P47343.1	Q21SE9.1	25.726	241	161	7	8	233	13	250	1.74e-92	272
P47343.1	A9IGW1.1	25.103	243	170	6	2	238	7	243	2.85e-92	271
P47343.1	Q315T1.1	24.336	226	160	6	15	233	12	233	4.85e-92	270
P47343.1	P47343.1	100.000	245	0	0	1	245	1	245	2.15e-91	269
P47343.1	P12888.1	26.971	241	158	8	6	235	22	255	8.09e-91	267
P47343.1	Q98PV4.1	32.444	225	142	5	15	236	4	221	1.30e-90	266
P47343.1	Q8NQU9.1	25.203	246	150	8	14	235	19	254	1.33e-90	267
P47343.1	O36395.1	27.119	236	156	7	11	236	23	252	5.05e-90	265
P47343.1	Q2L0Y2.1	24.603	252	172	7	2	242	7	251	5.78e-90	265
P47343.1	P53765.2	28.390	236	153	7	10	235	25	254	6.88e-90	265
P47343.1	A1KMX0.1	23.932	234	163	7	8	236	4	227	8.27e-90	264
P47343.1	A8LD98.1	24.786	234	159	7	8	236	4	225	1.02e-89	264
P47343.1	P53764.1	28.910	211	139	5	29	236	2	204	9.17e-89	261
P47343.1	B5ZC55.1	31.507	219	138	6	18	233	3	212	3.61e-88	260
P47343.1	P67078.1	24.670	227	160	6	13	236	12	230	1.44e-87	258
P47343.1	Q1GHJ4.1	27.111	225	149	6	17	239	16	227	3.93e-86	255
P47343.1	Q01019.1	26.609	233	155	8	13	235	25	251	5.88e-86	255
P47343.1	F5HFA1.1	24.597	248	171	7	1	238	14	255	6.41e-86	255
P47343.1	Q8G3E9.1	26.027	219	141	8	28	235	5	213	8.26e-86	254
P47343.1	B1AJI8.1	31.507	219	138	6	18	233	3	212	3.82e-85	252
P47343.1	F5HI85.1	22.845	232	168	7	8	235	24	248	3.12e-84	251
P47343.1	Q6UDG6.1	28.139	231	155	6	9	236	140	362	1.22e-82	249
P47343.1	P50639.1	25.926	243	165	7	3	238	19	253	4.13e-82	245
P47343.1	Q4A8N4.1	34.389	221	136	4	17	235	6	219	8.07e-82	243
P47343.1	P75536.1	56.034	232	102	0	3	234	1	232	9.25e-82	244
P47343.1	P52447.1	25.316	237	164	8	8	238	26	255	1.10e-81	244
P47343.1	Q9ZJN9.1	30.901	233	136	10	17	235	12	233	1.31e-80	241
P47343.1	B5Z8Z4.1	30.043	233	138	10	17	235	12	233	2.04e-80	240
P47343.1	Q1CRR1.1	32.618	233	132	10	17	235	12	233	2.78e-80	240
P47343.1	B2UVB0.1	32.618	233	132	10	17	235	12	233	4.10e-80	240
P47343.1	P56397.1	30.043	233	138	10	17	235	12	233	5.36e-80	239
P47343.1	P52345.1	24.473	237	166	8	8	238	26	255	1.12e-79	239
P47343.1	B6JNI4.1	30.472	233	137	10	17	235	12	233	1.41e-78	236
P47343.1	Q17Z05.1	29.614	233	139	10	17	235	12	233	1.53e-78	235
P47343.1	Q5UPT2.1	26.531	245	149	7	16	235	132	370	3.51e-68	212
P47343.1	M1LL92.1	18.376	234	155	11	8	234	9	213	1.42e-44	148
P47343.1	Q91UM2.1	18.376	234	155	11	8	234	9	213	3.82e-44	147
P47343.1	P20536.1	18.376	234	155	11	8	234	9	213	7.47e-44	146
P47343.1	P04303.2	18.376	234	155	11	8	234	9	213	7.77e-44	146
P47343.1	P0DSP8.1	18.376	234	155	11	8	234	9	213	2.88e-43	145
P47343.1	P0DSP7.1	17.949	234	156	11	8	234	9	213	4.00e-42	142
P47343.1	P21968.2	20.091	219	153	11	15	233	16	212	4.16e-42	142
P47343.1	P32941.1	18.534	232	153	11	9	233	10	212	8.13e-28	105
# PSIBLAST 2.12.0+
# Iteration: 4
# Query: P47343.1 RecName: Full=Uracil-DNA glycosylase; Short=UDG [Mycoplasmoides genitalium G37]
# Database: ../../data/swissprot
# Fields: query acc.ver, subject acc.ver, % identity, alignment length, mismatches, gap opens, q. start, q. end, s. start, s. end, evalue, bit score
# 314 hits found
P47343.1	B7GMM1.1	29.870	231	152	5	10	237	1	224	2.20e-132	373
P47343.1	Q836Z5.1	28.755	233	156	5	10	239	1	226	1.15e-131	371
P47343.1	A7GVE5.1	29.870	231	152	5	10	237	1	224	6.22e-131	369
P47343.1	C5D9T3.1	28.261	230	155	5	11	237	1	223	4.78e-130	367
P47343.1	P39615.1	31.441	229	147	5	10	235	1	222	5.57e-130	366
P47343.1	C1DQR0.1	28.017	232	156	5	12	239	8	232	9.16e-130	366
P47343.1	Q5KUD0.1	28.261	230	155	5	11	237	1	223	1.27e-129	366
P47343.1	A7ZA24.1	28.632	234	157	5	10	240	1	227	2.29e-129	365
P47343.1	Q1I5T6.1	28.696	230	153	5	12	237	7	229	4.96e-129	364
P47343.1	A4ITQ2.1	27.391	230	157	5	11	237	1	223	1.16e-128	363
P47343.1	A6VAM7.1	29.258	229	151	5	12	236	8	229	1.96e-128	363
P47343.1	Q2NS03.1	30.702	228	148	5	17	240	6	227	2.18e-128	362
P47343.1	Q02HQ1.1	29.258	229	151	5	12	236	8	229	2.19e-128	362
P47343.1	Q4KGS0.1	26.087	230	159	5	12	237	7	229	2.21e-128	362
P47343.1	Q88N05.1	29.130	230	152	5	12	237	7	229	2.35e-128	362
P47343.1	B0KV50.1	29.565	230	151	5	12	237	7	229	3.36e-128	362
P47343.1	C6DC11.1	31.441	229	145	6	17	239	6	228	5.67e-128	361
P47343.1	A8MM35.1	27.155	232	159	5	10	238	1	225	7.96e-128	361
P47343.1	A5W8H2.1	29.130	230	152	5	12	237	7	229	8.72e-128	361
P47343.1	A1JKI8.1	32.432	222	140	5	17	234	6	221	1.19e-127	360
P47343.1	A6TCJ2.1	29.310	232	154	5	15	242	4	229	1.26e-127	360
P47343.1	B1J4J3.1	28.261	230	154	5	12	237	7	229	1.33e-127	360
P47343.1	A8GI39.1	29.386	228	149	6	17	238	6	227	1.67e-127	360
P47343.1	B7HYF9.1	30.303	231	151	5	10	237	1	224	2.42e-127	360
P47343.1	Q3KGL4.1	26.293	232	160	5	12	239	7	231	2.43e-127	360
P47343.1	Q630K2.1	30.303	231	151	5	10	237	1	224	3.27e-127	359
P47343.1	Q9K682.1	31.304	230	148	5	11	237	1	223	3.46e-127	359
P47343.1	A6L7T5.1	30.396	227	148	5	10	233	1	220	4.77e-127	359
P47343.1	B2TQZ9.1	29.870	231	152	5	10	237	1	224	4.83e-127	359
P47343.1	P43731.1	32.444	225	142	5	15	235	1	219	5.04e-127	359
P47343.1	A8FIM7.1	31.878	229	146	5	10	235	1	222	5.48e-127	359
P47343.1	Q92LU5.1	26.383	235	162	5	11	241	4	231	6.10e-127	359
P47343.1	Q72X51.1	30.303	231	151	5	10	237	1	224	7.77e-127	359
P47343.1	A8A392.1	30.172	232	152	5	15	242	4	229	1.10e-126	358
P47343.1	Q0T1S6.1	30.172	232	152	5	15	242	4	229	1.11e-126	358
P47343.1	Q65DN9.1	29.870	231	152	5	10	237	1	224	1.12e-126	358
P47343.1	B5Z154.1	31.034	232	150	5	15	242	4	229	1.20e-126	358
P47343.1	A1AEB0.1	30.603	232	151	5	15	242	4	229	1.48e-126	358
P47343.1	B5XNF8.1	29.565	230	152	5	17	242	6	229	1.78e-126	358
P47343.1	A6UDC0.1	25.957	235	163	5	11	241	4	231	1.80e-126	358
P47343.1	Q5L9D9.1	31.278	227	146	5	10	233	1	220	1.98e-126	357
P47343.1	B7MYL3.1	31.034	232	150	5	15	242	4	229	2.04e-126	357
P47343.1	Q6D208.1	31.004	229	146	6	17	239	6	228	2.67e-126	357
P47343.1	B7NRN6.1	30.603	232	151	5	15	242	4	229	3.03e-126	357
P47343.1	B4RLL6.1	29.333	225	149	5	15	235	1	219	4.23e-126	357
P47343.1	Q8FF08.3	30.736	231	150	5	15	241	4	228	4.88e-126	357
P47343.1	Q8UCM8.1	27.755	245	166	5	3	243	1	238	6.10e-126	357
P47343.1	C0Z887.1	27.542	236	161	5	10	242	1	229	6.19e-126	356
P47343.1	B7LUY5.1	30.172	232	152	5	15	242	4	229	6.29e-126	356
P47343.1	A5VIJ2.1	27.119	236	162	5	10	242	1	229	7.09e-126	356
P47343.1	Q7MNR0.2	28.571	224	150	5	17	236	6	223	7.13e-126	356
P47343.1	C3KDS6.1	26.957	230	157	5	12	237	7	229	7.86e-126	356
P47343.1	A9LZA2.1	28.889	225	150	5	15	235	1	219	1.05e-125	355
P47343.1	A6M317.1	29.870	231	152	5	10	237	1	224	1.15e-125	355
P47343.1	B0UWA7.1	30.131	229	150	5	15	239	1	223	1.21e-125	355
P47343.1	Q4ZPC2.1	28.384	229	153	5	12	236	7	228	1.27e-125	355
P47343.1	A8AD07.1	30.435	230	150	5	17	242	6	229	1.36e-125	355
P47343.1	C4LC44.1	28.384	229	154	5	15	239	1	223	1.49e-125	355
P47343.1	Q5WAZ9.1	28.205	234	158	5	11	241	1	227	1.52e-125	355
P47343.1	B5F228.1	30.603	232	151	5	15	242	4	229	1.64e-125	355
P47343.1	Q87XE2.1	27.948	229	154	5	12	236	7	228	2.05e-125	355
P47343.1	A9VSJ0.1	30.736	231	150	5	10	237	1	224	2.31e-125	355
P47343.1	A9N0W3.1	30.172	232	152	5	15	242	4	229	2.37e-125	355
P47343.1	Q87SC4.1	31.140	228	147	5	16	239	5	226	2.84e-125	355
P47343.1	Q0TUH0.1	28.139	231	156	5	10	237	1	224	3.07e-125	354
P47343.1	Q7N1U8.1	28.509	228	153	5	15	238	4	225	3.27e-125	354
P47343.1	B7HG60.1	30.303	231	151	5	10	237	1	224	3.63e-125	354
P47343.1	A1KU26.1	28.889	225	150	5	15	235	1	219	3.70e-125	354
P47343.1	A9MGV9.1	30.172	232	152	5	15	242	4	229	4.00e-125	354
P47343.1	A5F5R5.1	30.531	226	147	5	17	238	6	225	4.50e-125	354
P47343.1	C1CXS7.1	28.632	234	157	5	10	240	21	247	4.54e-125	355
P47343.1	Q88YG1.1	28.692	237	159	5	10	243	1	230	4.81e-125	354
P47343.1	B4F058.1	32.159	227	144	5	15	237	4	224	5.66e-125	354
P47343.1	A4WDE9.1	29.565	230	152	5	17	242	6	229	6.54e-125	354
P47343.1	A7MS85.1	31.140	228	147	5	16	239	5	226	6.58e-125	353
P47343.1	Q8XNR7.1	28.571	231	155	5	10	237	1	224	6.84e-125	353
P47343.1	Q0SWB8.1	28.139	231	156	5	10	237	1	224	8.48e-125	353
P47343.1	C3LFS7.1	30.303	231	151	5	10	237	1	224	8.97e-125	353
P47343.1	Q03GV8.1	26.582	237	164	5	10	243	1	230	9.44e-125	353
P47343.1	Q8A5V6.1	30.837	227	147	5	10	233	1	220	9.91e-125	353
P47343.1	Q48ET5.1	27.948	229	154	5	12	236	7	228	1.15e-124	353
P47343.1	A0RLI1.1	29.870	231	152	5	10	237	1	224	1.53e-124	353
P47343.1	Q3BNI2.1	27.311	238	162	5	12	245	8	238	1.66e-124	353
P47343.1	A5UBC0.1	31.111	225	145	5	15	235	1	219	2.49e-124	352
P47343.1	Q65VN0.1	31.739	230	147	5	15	240	1	224	2.77e-124	352
P47343.1	Q9JUC4.1	28.889	225	150	5	15	235	1	219	3.06e-124	352
P47343.1	B7JHM3.1	29.870	231	152	5	10	237	1	224	3.38e-124	352
P47343.1	Q6HAN7.1	29.870	231	152	5	10	237	1	224	3.63e-124	352
P47343.1	Q182G9.1	31.739	230	147	5	11	237	1	223	6.17e-124	351
P47343.1	A3MZ80.1	29.333	225	149	5	15	235	1	219	7.53e-124	351
P47343.1	Q4QPM6.1	31.556	225	144	5	15	235	1	219	7.99e-124	351
P47343.1	B6J738.1	30.131	229	149	5	16	240	8	229	1.46e-123	350
P47343.1	B7IRS8.1	29.870	231	152	5	10	237	1	224	1.58e-123	350
P47343.1	B8FSV8.1	27.948	229	154	5	11	236	1	221	1.81e-123	350
P47343.1	Q8PFZ6.1	26.891	238	163	5	12	245	8	238	1.94e-123	350
P47343.1	A0KMZ1.1	29.596	223	147	5	15	233	1	217	3.42e-123	349
P47343.1	B8F6C3.1	30.088	226	147	5	15	236	1	219	3.94e-123	349
P47343.1	Q83CW4.1	30.131	229	149	5	16	240	8	229	4.00e-123	349
P47343.1	Q9RWH9.1	25.714	245	171	7	2	242	10	247	4.64e-123	349
P47343.1	B3ERG6.1	30.837	227	147	5	10	233	1	220	5.21e-123	349
P47343.1	B2VEC7.1	30.531	226	145	6	17	236	6	225	1.79e-122	347
P47343.1	Q92CI1.1	27.948	229	155	5	11	236	1	222	1.86e-122	347
P47343.1	A6TVW5.1	27.350	234	160	5	11	241	1	227	2.50e-122	347
P47343.1	A4SK71.1	29.596	223	147	5	15	233	1	217	2.63e-122	347
P47343.1	B2SJF5.1	26.471	238	164	5	12	245	8	238	3.58e-122	347
P47343.1	B6EKY3.1	28.889	225	150	5	14	234	1	219	4.15e-122	346
P47343.1	C4Z8Z2.1	29.130	230	152	5	11	236	1	223	5.02e-122	346
P47343.1	B0RWT2.1	27.660	235	159	5	12	242	8	235	5.81e-122	346
P47343.1	B6J089.1	29.694	229	150	5	16	240	8	229	5.99e-122	346
P47343.1	Q720K2.1	27.511	229	156	5	11	236	1	222	9.24e-122	346
P47343.1	A9KCD5.2	30.357	224	145	5	16	235	8	224	1.37e-121	345
P47343.1	B5FAJ7.1	31.222	221	142	5	17	233	4	218	3.74e-121	344
P47343.1	Q5E2Y8.1	31.674	221	141	5	17	233	4	218	4.11e-121	344
P47343.1	P57807.1	28.444	225	151	5	15	235	1	219	4.52e-121	344
P47343.1	B0VD25.1	30.131	229	150	4	11	235	13	235	9.86e-121	343
P47343.1	B2GAM7.1	25.214	234	165	5	10	240	1	227	1.11e-120	343
P47343.1	Q9LIH6.1	28.879	232	151	5	11	235	106	330	1.23e-120	346
P47343.1	Q8Y7P6.1	27.511	229	156	5	11	236	1	222	1.40e-120	342
P47343.1	A3M500.2	30.131	229	150	4	11	235	13	235	1.53e-120	343
P47343.1	A6VLV4.1	29.956	227	149	5	15	237	1	221	3.48e-120	341
P47343.1	Q7VMC0.1	30.973	226	146	5	15	236	1	220	6.83e-120	341
P47343.1	B1I012.1	28.821	229	155	4	10	235	1	224	7.52e-120	340
P47343.1	B1YFL0.1	29.778	225	148	5	14	235	1	218	7.86e-120	340
P47343.1	Q38VY5.1	28.270	237	159	6	10	243	1	229	9.80e-120	340
P47343.1	B0VMZ7.1	30.131	229	150	4	11	235	13	235	1.21e-119	340
P47343.1	Q03SK6.1	26.971	241	164	6	10	245	1	234	1.54e-119	340
P47343.1	B1JRB1.1	33.333	222	138	5	17	234	6	221	1.59e-119	340
P47343.1	O84613.1	30.263	228	150	4	12	236	8	229	2.03e-119	340
P47343.1	A4TKZ2.1	33.333	222	138	5	17	234	6	221	2.48e-119	339
P47343.1	B0B8I2.1	30.263	228	150	4	12	236	8	229	2.71e-119	339
P47343.1	B2RHL6.1	29.646	226	150	5	11	233	3	222	3.67e-119	339
P47343.1	Q7MXF6.1	29.646	226	150	5	11	233	3	222	4.59e-119	339
P47343.1	Q74K70.1	26.778	239	164	6	10	245	1	231	4.92e-119	339
P47343.1	A7FFS4.1	33.333	222	138	5	17	234	6	221	6.03e-119	339
P47343.1	Q9PA28.2	26.809	235	161	5	12	242	16	243	8.49e-119	339
P47343.1	B2IAB2.1	27.234	235	160	5	12	242	16	243	9.72e-119	339
P47343.1	A0Q7Y8.1	30.045	223	146	5	17	235	2	218	9.82e-119	338
P47343.1	A5FFT1.1	30.837	227	148	4	10	233	1	221	9.83e-119	338
P47343.1	Q3IG47.1	28.319	226	151	6	15	235	1	220	9.98e-119	338
P47343.1	A4IWI7.1	30.493	223	145	5	17	235	2	218	1.19e-118	337
P47343.1	Q8EPH6.1	29.915	234	154	5	10	240	1	227	1.27e-118	338
P47343.1	A9KP29.1	29.870	231	151	6	11	237	1	224	1.31e-118	337
P47343.1	Q6F9Y2.1	28.384	229	154	4	11	235	13	235	1.42e-118	338
P47343.1	P13051.2	30.180	222	146	5	16	234	96	311	1.71e-118	340
P47343.1	Q4L3Q7.1	27.149	221	150	5	17	234	2	214	2.17e-118	337
P47343.1	A5IQD5.1	27.602	221	149	5	17	234	2	214	2.91e-118	336
P47343.1	B0U620.1	27.234	235	160	5	12	242	16	243	2.95e-118	337
P47343.1	Q30Q92.1	30.263	228	149	5	11	235	3	223	3.09e-118	337
P47343.1	Q2YS83.1	27.602	221	149	5	17	234	2	214	3.25e-118	336
P47343.1	B9DKT3.1	26.009	223	154	5	18	237	3	217	3.73e-118	336
P47343.1	Q5R080.1	31.507	219	141	5	18	233	3	215	4.91e-118	336
P47343.1	Q827B3.1	27.391	230	156	6	11	237	4	225	6.32e-118	336
P47343.1	A7GVX1.1	28.205	234	157	5	7	237	3	228	7.02e-118	336
P47343.1	Q6GBQ6.1	27.602	221	149	5	17	234	2	214	8.99e-118	335
P47343.1	Q9PJD2.1	29.956	227	150	4	12	235	8	228	1.02e-117	335
P47343.1	B3WCZ5.1	27.542	236	160	6	10	242	1	228	1.28e-117	335
P47343.1	B0TXF5.1	32.883	222	139	5	18	235	3	218	1.59e-117	335
P47343.1	Q9K3Z0.1	27.193	228	155	6	13	237	6	225	2.08e-117	335
P47343.1	Q1IWN1.1	25.974	231	160	6	14	241	22	244	2.41e-117	335
P47343.1	Q5L4Q4.1	28.634	227	153	4	13	236	9	229	4.35e-117	334
P47343.1	P97931.3	30.631	222	145	5	16	234	89	304	4.51e-117	336
P47343.1	P29950.1	27.477	222	150	5	25	242	1	215	4.68e-117	333
P47343.1	A0M1V1.1	29.515	227	151	4	10	233	1	221	5.41e-117	333
P47343.1	Q821F7.1	29.075	227	152	4	13	236	9	229	5.98e-117	333
P47343.1	A7NAN4.1	30.493	223	145	5	17	235	2	218	1.59e-116	332
P47343.1	A7I0A8.1	29.487	234	153	5	6	235	2	227	2.14e-116	332
P47343.1	B6YR15.1	30.396	227	148	5	10	233	1	220	3.84e-116	331
P47343.1	A7ZAZ4.1	27.193	228	155	6	11	235	7	226	4.53e-116	331
P47343.1	Q04BG7.1	26.809	235	161	6	10	241	1	227	5.43e-116	331
P47343.1	Q256I7.1	27.753	227	155	4	13	236	9	229	6.68e-116	331
P47343.1	Q1GB22.1	26.809	235	161	6	10	241	1	227	7.22e-116	331
P47343.1	Q64QI5.1	27.753	227	154	5	10	233	1	220	9.06e-116	330
P47343.1	Q5FL46.1	25.738	237	165	6	11	244	3	231	9.80e-116	330
P47343.1	Q49VD1.1	26.697	221	151	5	17	234	2	214	1.91e-115	329
P47343.1	Q5LA67.1	27.753	227	154	5	10	233	1	220	1.94e-115	329
P47343.1	Q723S4.1	28.889	225	150	5	17	238	4	221	3.50e-115	329
P47343.1	A5EVB8.1	29.870	231	151	5	9	235	6	229	1.35e-114	327
P47343.1	Q8Y9X7.1	28.889	225	150	5	17	238	4	221	1.42e-114	327
P47343.1	Q9Z7D3.1	29.536	237	158	4	3	236	6	236	1.59e-114	327
P47343.1	Q92EQ0.1	27.928	222	150	5	17	235	4	218	1.70e-114	327
P47343.1	A8YUE7.1	25.210	238	167	6	11	245	3	232	1.76e-114	327
P47343.1	Q8R634.1	29.870	231	152	5	11	238	1	224	2.28e-114	327
P47343.1	Q8EB78.1	30.045	223	146	5	17	235	2	218	2.35e-114	326
P47343.1	A0RM89.1	24.681	235	166	5	6	237	2	228	2.38e-114	327
P47343.1	Q03KM6.1	27.477	222	149	5	15	233	3	215	4.83e-114	326
P47343.1	B5RKV2.1	30.435	230	148	5	10	234	1	223	1.68e-113	324
P47343.1	Q7MA00.1	28.216	241	158	6	1	237	1	230	6.06e-113	323
P47343.1	Q8CQ65.1	28.636	220	146	5	18	234	3	214	1.10e-112	322
P47343.1	B5RQN2.1	30.000	230	149	5	10	234	1	223	1.31e-112	322
P47343.1	B2S1N8.1	30.435	230	148	5	10	234	1	223	2.13e-112	322
P47343.1	A3CN85.1	28.829	222	146	5	15	233	3	215	2.36e-112	321
P47343.1	A1QYK3.1	30.000	230	149	5	10	234	1	223	2.96e-112	321
P47343.1	Q5HRG5.1	28.636	220	146	5	18	234	3	214	3.68e-112	321
P47343.1	A4VV30.1	27.928	222	148	5	15	233	3	215	4.28e-112	321
P47343.1	A8AXM4.1	28.378	222	147	5	15	233	3	215	4.45e-112	321
P47343.1	B9E8N2.1	29.545	220	144	5	17	233	2	213	3.71e-111	318
P47343.1	B9KEK7.1	28.696	230	152	6	10	235	6	227	5.04e-111	318
P47343.1	A1VXG9.1	30.435	230	148	7	11	236	10	231	5.51e-111	318
P47343.1	Q5HX80.1	30.870	230	147	7	11	236	10	231	5.64e-111	318
P47343.1	Q9PJ40.1	30.870	230	147	7	11	236	10	231	6.66e-111	318
P47343.1	P0A4P3.1	27.027	222	150	5	15	233	3	215	1.44e-110	317
P47343.1	Q8DTV8.1	27.928	222	148	5	15	233	3	215	1.66e-110	317
P47343.1	A7H1G3.1	29.565	230	150	7	11	236	10	231	1.67e-110	317
P47343.1	Q662W1.1	32.609	230	143	5	10	234	1	223	3.25e-110	316
P47343.1	P53766.2	29.333	225	148	5	18	237	128	346	9.47e-110	318
P47343.1	B8D787.1	31.982	222	142	5	17	235	4	219	9.77e-110	315
P47343.1	C0M7J9.1	27.027	222	150	5	15	233	3	215	1.02e-109	315
P47343.1	A8FJP1.1	30.435	230	148	7	11	236	10	231	1.04e-109	315
P47343.1	B4U3D4.1	27.027	222	150	5	15	233	3	215	1.21e-109	314
P47343.1	B7J0Y9.1	31.739	230	145	5	10	234	1	223	1.37e-109	314
P47343.1	C0ME57.1	27.477	222	149	5	15	233	3	215	4.55e-109	313
P47343.1	P59465.1	30.702	228	148	5	10	233	1	222	4.60e-109	313
P47343.1	B1IBW9.1	27.928	222	148	5	15	233	3	215	5.91e-109	313
P47343.1	Q0SPB2.1	31.304	230	146	5	10	234	1	223	9.54e-109	312
P47343.1	B9DSB9.1	27.928	222	148	5	15	233	3	215	1.57e-108	312
P47343.1	A8EWN8.1	30.455	220	144	5	17	233	2	215	4.20e-108	310
P47343.1	C1CKR8.1	27.928	222	148	5	15	233	3	215	1.06e-107	310
P47343.1	B8ZQ48.1	27.928	222	148	5	15	233	3	215	1.59e-107	309
P47343.1	Q7P1I1.1	25.523	239	167	5	7	241	4	235	1.59e-107	310
P47343.1	B5E4R3.1	27.928	222	148	5	15	233	3	215	1.77e-107	309
P47343.1	Q48U05.1	26.577	222	151	5	15	233	3	215	2.84e-107	308
P47343.1	A1SUE5.1	29.412	221	146	5	17	233	2	216	5.32e-107	308
P47343.1	P12887.1	30.116	259	162	7	3	245	91	346	8.92e-107	311
P47343.1	Q9U221.1	28.571	224	148	6	16	234	64	280	1.01e-106	309
P47343.1	Q7VRQ7.1	32.287	223	141	5	17	235	5	221	1.22e-106	307
P47343.1	Q1JC76.1	26.126	222	152	5	15	233	3	215	1.25e-106	307
P47343.1	A2RF00.1	25.676	222	153	5	15	233	3	215	1.87e-106	306
P47343.1	B5XL20.1	25.676	222	153	5	15	233	3	215	2.28e-106	306
P47343.1	Q07YI6.1	31.081	222	143	5	18	235	5	220	2.37e-106	306
P47343.1	Q057V4.1	32.751	229	145	5	10	235	1	223	2.41e-106	306
P47343.1	Q1J724.1	26.126	222	152	5	15	233	3	215	3.78e-106	306
P47343.1	P0DG74.1	26.126	222	152	5	15	233	3	215	7.37e-106	305
P47343.1	Q8P1B6.1	26.577	222	151	5	15	233	3	215	9.27e-106	304
P47343.1	Q5XCK3.1	26.126	222	152	5	15	233	3	215	9.04e-105	302
P47343.1	B2UDL1.1	28.395	243	157	6	7	239	28	263	2.86e-104	302
P47343.1	B1MXY4.1	25.221	226	157	5	11	233	1	217	2.90e-103	298
P47343.1	O74834.1	28.571	238	158	7	3	234	71	302	2.58e-102	299
P47343.1	Q7VGS1.1	27.234	235	150	7	11	233	7	232	3.81e-102	296
P47343.1	P28866.1	30.435	230	149	5	10	236	91	312	4.71e-102	297
P47343.1	Q8XVE4.1	27.778	234	152	6	14	237	38	264	5.54e-102	296
P47343.1	A1UEC0.1	25.214	234	160	8	8	236	4	227	3.80e-101	293
P47343.1	P52506.1	29.386	228	150	5	11	235	95	314	6.81e-101	295
P47343.1	A0QV01.1	24.359	234	162	8	8	236	4	227	8.26e-101	292
P47343.1	A4TE31.1	24.786	234	159	9	8	236	4	225	9.30e-101	292
P47343.1	P52507.1	29.386	228	150	5	11	235	96	315	1.23e-100	294
P47343.1	A1T717.1	24.359	234	160	9	8	236	4	225	1.42e-100	292
P47343.1	Q03W63.1	25.110	227	157	5	11	233	1	218	4.40e-100	290
P47343.1	B8ZS02.1	24.786	234	161	8	8	236	4	227	5.82e-100	290
P47343.1	B2HIJ2.1	23.504	234	164	9	8	236	4	227	7.80e-100	290
P47343.1	Q73VJ7.1	24.359	234	162	8	8	236	4	227	9.22e-100	290
P47343.1	A0QJA9.1	24.359	234	162	8	8	236	4	227	1.19e-99	289
P47343.1	A0PQ07.1	23.932	234	163	8	8	236	4	227	1.48e-99	289
P47343.1	Q47Q90.1	22.500	240	169	9	2	236	1	228	1.73e-99	289
P47343.1	P10186.1	27.391	230	156	5	9	235	113	334	3.08e-99	291
P47343.1	P28275.1	26.957	230	157	5	9	235	34	255	1.43e-98	287
P47343.1	B1MDP0.1	23.077	234	164	7	8	236	4	226	2.82e-98	286
P47343.1	Q5YRZ2.1	24.359	234	162	8	8	236	4	227	4.06e-98	285
P47343.1	Q8FPQ4.1	27.706	231	151	9	10	235	19	238	6.39e-98	285
P47343.1	A9IGW1.1	25.103	243	170	6	2	238	7	243	3.42e-97	284
P47343.1	Q032L5.1	29.596	223	143	5	17	234	5	218	3.77e-97	283
P47343.1	A2RHW2.1	29.596	223	143	5	17	234	5	218	7.33e-97	282
P47343.1	Q9CIX2.1	28.700	223	145	5	17	234	5	218	7.45e-97	282
P47343.1	Q7VUM8.1	28.017	232	152	6	18	243	23	245	7.79e-97	283
P47343.1	Q7W1Y7.1	28.017	232	152	6	18	243	23	245	1.02e-96	282
P47343.1	Q7WQW5.1	28.017	232	152	6	18	243	23	245	1.14e-96	282
P47343.1	P09307.1	28.384	229	152	5	11	235	84	304	2.45e-96	283
P47343.1	Q315T1.1	24.336	226	160	6	15	233	12	233	3.14e-96	281
P47343.1	Q9J3N2.1	28.384	229	152	5	11	235	84	304	3.29e-96	283
P47343.1	Q21SE9.1	25.726	241	161	7	8	233	13	250	3.46e-96	281
P47343.1	Q9E6R2.1	28.319	226	153	5	14	236	93	312	1.28e-95	281
P47343.1	P12888.1	27.049	244	160	8	3	235	19	255	2.72e-95	279
P47343.1	P13158.1	26.106	226	156	5	9	231	74	291	2.75e-95	280
P47343.1	A1SNW4.1	25.751	233	156	7	11	238	10	230	8.10e-95	277
P47343.1	Q9EX12.1	25.424	236	159	8	6	236	2	225	1.83e-94	276
P47343.1	O36395.1	26.582	237	158	7	10	236	22	252	2.21e-94	276
P47343.1	P53765.2	28.390	236	153	7	10	235	25	254	5.15e-94	276
P47343.1	Q82MX6.1	26.695	236	156	9	6	236	2	225	3.48e-93	273
P47343.1	Q2L0Y2.1	24.603	252	172	8	2	242	7	251	8.07e-93	272
P47343.1	Q8NQU9.1	24.900	249	153	9	11	235	16	254	1.36e-92	272
P47343.1	Q98PV4.1	32.444	225	142	5	15	236	4	221	1.55e-92	271
P47343.1	P53764.1	28.910	211	139	5	29	236	2	204	1.78e-91	268
P47343.1	Q01019.1	26.609	233	155	7	13	235	25	251	8.34e-91	267
P47343.1	A1KMX0.1	23.932	234	163	8	8	236	4	227	1.64e-90	266
P47343.1	B5ZC55.1	30.594	219	140	6	18	233	3	212	2.60e-90	265
P47343.1	A8LD98.1	24.786	234	159	7	8	236	4	225	3.80e-90	265
P47343.1	F5HFA1.1	24.194	248	172	7	1	238	14	255	1.05e-89	265
P47343.1	Q1GHJ4.1	26.549	226	151	7	17	240	16	228	1.26e-89	264
P47343.1	P50639.1	25.926	243	165	7	3	238	19	253	7.47e-89	262
P47343.1	B1AJI8.1	31.507	219	138	6	18	233	3	212	4.16e-88	259
P47343.1	P67078.1	24.779	226	159	6	14	236	13	230	4.75e-88	260
P47343.1	F5HI85.1	22.269	238	174	7	2	235	18	248	1.36e-87	259
P47343.1	Q8G3E9.1	26.027	219	141	8	28	235	5	213	9.32e-87	256
P47343.1	P47343.1	100.000	245	0	0	1	245	1	245	1.21e-86	256
P47343.1	P52447.1	25.316	237	164	8	8	238	26	255	1.75e-85	254
P47343.1	Q6UDG6.1	28.139	231	155	6	9	236	140	362	1.13e-84	254
P47343.1	P52345.1	24.473	237	166	8	8	238	26	255	1.46e-83	249
P47343.1	Q9ZJN9.1	29.487	234	144	9	14	235	9	233	1.33e-82	246
P47343.1	Q4A8N4.1	34.389	221	136	4	17	235	6	219	3.45e-82	244
P47343.1	B5Z8Z4.1	28.632	234	146	9	14	235	9	233	3.90e-82	245
P47343.1	Q1CRR1.1	31.197	234	140	9	14	235	9	233	6.18e-82	244
P47343.1	P56397.1	28.632	234	146	9	14	235	9	233	8.76e-82	244
P47343.1	B2UVB0.1	31.197	234	140	9	14	235	9	233	2.43e-81	243
P47343.1	Q17Z05.1	28.205	234	147	9	14	235	9	233	9.07e-81	241
P47343.1	B6JNI4.1	29.060	234	145	9	14	235	9	233	4.87e-80	239
P47343.1	P75536.1	56.034	232	102	0	3	234	1	232	6.03e-79	237
P47343.1	Q5UPT2.1	26.531	245	149	7	16	235	132	370	3.37e-71	220
P47343.1	P21968.2	19.556	225	159	11	9	233	10	212	1.47e-48	158
P47343.1	M1LL92.1	18.376	234	155	11	8	234	9	213	4.16e-46	152
P47343.1	Q91UM2.1	18.376	234	155	11	8	234	9	213	8.07e-46	151
P47343.1	P20536.1	18.376	234	155	11	8	234	9	213	1.52e-45	151
P47343.1	P04303.2	18.376	234	155	11	8	234	9	213	2.00e-45	150
P47343.1	P0DSP8.1	18.376	234	155	11	8	234	9	213	5.94e-45	149
P47343.1	P0DSP7.1	17.949	234	156	11	8	234	9	213	9.23e-44	146
P47343.1	P32941.1	18.534	232	153	11	9	233	10	212	1.83e-41	140

Search has CONVERGED!
# BLAST processed 4 queries
