# PSIBLAST 2.12.0+
# Iteration: 1
# Query: B1AJI8.1 RecName: Full=Uracil-DNA glycosylase; Short=UDG [Ureaplasma parvum serovar 3 str. ATCC 27815] >Q9PPU2.1 RecName: Full=Uracil-DNA glycosylase; Short=UDG [Ureaplasma parvum serovar 3 str. ATCC 700970]
# Database: ../../data/swissprot
# Fields: query acc.ver, subject acc.ver, % identity, alignment length, mismatches, gap opens, q. start, q. end, s. start, s. end, evalue, bit score
# 306 hits found
B1AJI8.1	B1AJI8.1	100.000	212	0	0	1	212	1	212	1.98e-159	440
B1AJI8.1	B5ZC55.1	88.679	212	24	0	1	212	1	212	1.83e-144	402
B1AJI8.1	Q5R080.1	45.116	215	115	2	1	212	1	215	1.57e-61	191
B1AJI8.1	A0Q7Y8.1	46.759	216	111	4	1	212	1	216	9.86e-61	189
B1AJI8.1	A4IWI7.1	45.833	216	113	3	1	212	1	216	3.39e-60	187
B1AJI8.1	Q4L3Q7.1	43.662	213	119	1	1	212	1	213	6.45e-60	187
B1AJI8.1	B3ERG6.1	45.283	212	114	2	3	212	9	220	8.10e-60	186
B1AJI8.1	C6DC11.1	45.622	217	112	4	1	212	5	220	9.77e-60	186
B1AJI8.1	A0KMZ1.1	43.925	214	116	3	3	212	4	217	4.65e-59	185
B1AJI8.1	P97931.3	46.479	213	111	2	3	212	91	303	5.09e-59	186
B1AJI8.1	A7NAN4.1	45.370	216	114	3	1	212	1	216	8.85e-59	184
B1AJI8.1	B0UWA7.1	44.860	214	114	3	3	212	4	217	9.69e-59	184
B1AJI8.1	A0M1V1.1	48.131	214	106	4	3	212	9	221	1.04e-58	184
B1AJI8.1	A1JKI8.1	44.444	216	116	4	1	212	5	220	1.14e-58	184
B1AJI8.1	Q65VN0.1	46.512	215	109	4	3	212	4	217	1.34e-58	183
B1AJI8.1	Q3BNI2.1	51.892	185	83	3	32	212	44	226	1.80e-58	183
B1AJI8.1	A7GVX1.1	45.755	212	112	3	3	212	14	224	2.18e-58	183
B1AJI8.1	B6YR15.1	42.925	212	119	2	3	212	9	220	2.77e-58	183
B1AJI8.1	P57807.1	43.458	214	117	3	3	212	4	217	2.94e-58	183
B1AJI8.1	A5F5R5.1	43.519	216	118	3	1	212	5	220	3.34e-58	183
B1AJI8.1	A6VLV4.1	44.393	214	115	3	3	212	4	217	4.30e-58	182
B1AJI8.1	Q8PFZ6.1	51.892	185	83	3	32	212	44	226	5.86e-58	182
B1AJI8.1	A1KU26.1	43.721	215	115	4	3	212	4	217	1.50e-57	181
B1AJI8.1	A9LZA2.1	43.721	215	115	4	3	212	4	217	1.51e-57	181
B1AJI8.1	B4RLL6.1	43.721	215	115	4	3	212	4	217	1.70e-57	181
B1AJI8.1	Q6D208.1	44.700	217	114	4	1	212	5	220	1.76e-57	181
B1AJI8.1	A4SK71.1	42.991	214	118	3	3	212	4	217	1.84e-57	181
B1AJI8.1	Q7MNR0.2	43.056	216	119	3	1	212	5	220	3.40e-57	180
B1AJI8.1	Q9JUC4.1	43.721	215	115	4	3	212	4	217	3.60e-57	180
B1AJI8.1	B0RWT2.1	50.811	185	85	3	32	212	44	226	4.48e-57	180
B1AJI8.1	B4F058.1	43.056	216	119	4	1	212	5	220	5.08e-57	179
B1AJI8.1	P13051.2	45.070	213	114	2	3	212	98	310	6.46e-57	181
B1AJI8.1	Q8A5V6.1	41.981	212	121	2	3	212	9	220	6.51e-57	179
B1AJI8.1	A3MZ80.1	44.860	214	114	3	3	212	4	217	6.77e-57	179
B1AJI8.1	A6L7T5.1	41.981	212	121	2	3	212	9	220	7.56e-57	179
B1AJI8.1	A6TCJ2.1	42.130	216	121	3	1	212	5	220	7.64e-57	179
B1AJI8.1	Q5HRG5.1	42.254	213	122	1	1	212	1	213	9.42e-57	179
B1AJI8.1	C1DQR0.1	43.192	213	118	3	3	212	14	226	1.03e-56	179
B1AJI8.1	Q8UCM8.1	42.723	213	119	3	3	212	16	228	1.55e-56	179
B1AJI8.1	B9DKT3.1	44.444	216	113	3	1	212	1	213	1.68e-56	178
B1AJI8.1	P43731.1	42.991	214	118	3	3	212	4	217	2.19e-56	177
B1AJI8.1	Q5L9D9.1	41.509	212	122	2	3	212	9	220	2.66e-56	177
B1AJI8.1	B5Z154.1	43.056	216	119	4	1	212	5	220	3.54e-56	177
B1AJI8.1	A8AD07.1	41.667	216	122	3	1	212	5	220	3.72e-56	177
B1AJI8.1	A0RM89.1	45.755	212	112	3	3	212	14	224	3.91e-56	177
B1AJI8.1	Q87SC4.1	44.495	218	109	5	3	212	7	220	4.01e-56	177
B1AJI8.1	B2VEC7.1	42.130	216	121	4	1	212	5	220	4.54e-56	177
B1AJI8.1	A4WDE9.1	42.130	216	121	3	1	212	5	220	5.35e-56	177
B1AJI8.1	Q8CQ65.1	41.784	213	123	1	1	212	1	213	6.25e-56	176
B1AJI8.1	B9E8N2.1	42.056	214	121	3	1	212	1	213	7.64e-56	176
B1AJI8.1	B8F6C3.1	43.662	213	117	3	3	212	4	216	9.00e-56	176
B1AJI8.1	Q6F9Y2.1	45.972	211	108	4	5	212	26	233	9.40e-56	176
B1AJI8.1	A9MGV9.1	42.130	216	121	3	1	212	5	220	9.45e-56	176
B1AJI8.1	B9KEK7.1	43.662	213	116	4	3	212	14	225	1.09e-55	176
B1AJI8.1	A3M500.2	48.148	189	95	3	27	212	45	233	1.22e-55	176
B1AJI8.1	B5F228.1	42.130	216	121	3	1	212	5	220	1.31e-55	176
B1AJI8.1	A1VXG9.1	45.070	213	113	4	3	212	17	228	1.59e-55	176
B1AJI8.1	B0VD25.1	48.148	189	95	3	27	212	45	233	1.81e-55	176
B1AJI8.1	A6M317.1	45.755	212	113	2	3	212	9	220	1.88e-55	176
B1AJI8.1	Q723S4.1	41.981	212	121	2	3	212	5	216	1.95e-55	175
B1AJI8.1	A7I0A8.1	46.479	213	110	4	3	212	14	225	2.03e-55	176
B1AJI8.1	Q49VD1.1	41.784	213	123	1	1	212	1	213	2.26e-55	175
B1AJI8.1	B0VMZ7.1	48.148	189	95	3	27	212	45	233	2.61e-55	175
B1AJI8.1	B2SJF5.1	50.270	185	86	3	32	212	44	226	2.94e-55	175
B1AJI8.1	A8A392.1	42.593	216	120	4	1	212	5	220	3.22e-55	175
B1AJI8.1	B7NRN6.1	43.056	216	119	4	1	212	5	220	3.43e-55	175
B1AJI8.1	A7ZAZ4.1	44.340	212	115	3	3	212	14	224	3.51e-55	175
B1AJI8.1	A9N0W3.1	41.667	216	122	3	1	212	5	220	3.66e-55	175
B1AJI8.1	A8EWN8.1	43.256	215	119	2	1	212	1	215	3.77e-55	174
B1AJI8.1	Q836Z5.1	42.453	212	120	2	3	212	9	220	4.07e-55	175
B1AJI8.1	Q5HX80.1	45.070	213	113	4	3	212	17	228	4.62e-55	174
B1AJI8.1	Q0T1S6.1	42.593	216	120	4	1	212	5	220	6.06e-55	174
B1AJI8.1	A1AEB0.1	42.593	216	120	4	1	212	5	220	6.56e-55	174
B1AJI8.1	Q2YS83.1	41.784	213	123	1	1	212	1	213	7.01e-55	174
B1AJI8.1	C4LC44.1	42.523	214	119	3	3	212	4	217	7.18e-55	174
B1AJI8.1	Q9PJ40.1	44.601	213	114	4	3	212	17	228	7.78e-55	174
B1AJI8.1	A5IQD5.1	41.784	213	123	1	1	212	1	213	9.03e-55	174
B1AJI8.1	Q8FF08.3	42.593	216	120	4	1	212	5	220	9.46e-55	174
B1AJI8.1	C4Z8Z2.1	42.991	214	119	3	2	212	7	220	1.04e-54	174
B1AJI8.1	A8FJP1.1	44.131	213	115	4	3	212	17	228	1.20e-54	174
B1AJI8.1	Q92LU5.1	40.845	213	123	3	3	212	11	223	1.42e-54	174
B1AJI8.1	Q8EB78.1	41.204	216	123	3	1	212	1	216	1.53e-54	173
B1AJI8.1	A8GI39.1	41.667	216	122	3	1	212	5	220	1.64e-54	173
B1AJI8.1	A6UDC0.1	41.315	213	122	3	3	212	11	223	1.88e-54	173
B1AJI8.1	B5XNF8.1	41.204	216	123	3	1	212	5	220	2.17e-54	173
B1AJI8.1	A5UBC0.1	42.523	214	119	3	3	212	4	217	2.28e-54	172
B1AJI8.1	Q2NS03.1	41.667	216	122	3	1	212	5	220	2.98e-54	172
B1AJI8.1	B7LUY5.1	41.204	216	123	3	1	212	5	220	3.02e-54	172
B1AJI8.1	Q6GBQ6.1	41.784	213	123	1	1	212	1	213	3.28e-54	172
B1AJI8.1	B2RHL6.1	42.254	213	120	2	3	212	10	222	3.70e-54	172
B1AJI8.1	Q9PA28.2	48.108	185	90	3	32	212	52	234	4.57e-54	172
B1AJI8.1	Q4QPM6.1	42.056	214	120	3	3	212	4	217	4.64e-54	172
B1AJI8.1	A7H1G3.1	45.540	213	112	4	3	212	17	228	4.80e-54	172
B1AJI8.1	Q8Y9X7.1	41.981	212	121	2	3	212	5	216	5.77e-54	172
B1AJI8.1	B7MYL3.1	42.593	216	120	4	1	212	5	220	8.44e-54	171
B1AJI8.1	Q4KGS0.1	42.254	213	120	3	3	212	13	225	1.55e-53	171
B1AJI8.1	Q3KGL4.1	41.784	213	121	3	3	212	13	225	1.62e-53	170
B1AJI8.1	B2IAB2.1	43.256	215	115	4	3	212	22	234	2.44e-53	171
B1AJI8.1	Q057V4.1	43.721	215	118	2	1	212	7	221	2.52e-53	170
B1AJI8.1	Q7MXF6.1	42.254	213	120	2	3	212	10	222	2.73e-53	170
B1AJI8.1	B2S1N8.1	44.340	212	114	3	3	210	9	220	3.49e-53	170
B1AJI8.1	B7J0Y9.1	45.755	212	111	3	3	210	9	220	4.39e-53	169
B1AJI8.1	Q92EQ0.1	41.509	212	122	2	3	212	5	216	4.44e-53	169
B1AJI8.1	P29950.1	41.748	206	117	3	10	212	1	206	5.07e-53	169
B1AJI8.1	B0U620.1	42.791	215	116	4	3	212	22	234	6.55e-53	170
B1AJI8.1	A4TKZ2.1	43.519	216	118	4	1	212	5	220	7.56e-53	169
B1AJI8.1	B1JRB1.1	43.519	216	118	4	1	212	5	220	8.51e-53	169
B1AJI8.1	B0TXF5.1	43.318	217	117	4	1	212	1	216	9.02e-53	168
B1AJI8.1	Q30Q92.1	42.723	213	118	3	3	212	10	221	9.91e-53	168
B1AJI8.1	B5RKV2.1	44.811	212	113	3	3	210	9	220	1.12e-52	168
B1AJI8.1	A7FFS4.1	43.519	216	118	4	1	212	5	220	1.57e-52	168
B1AJI8.1	A6VAM7.1	43.662	213	117	3	3	212	14	226	1.88e-52	168
B1AJI8.1	Q03GV8.1	42.925	212	119	2	3	212	9	220	2.19e-52	168
B1AJI8.1	Q256I7.1	43.056	216	118	4	1	212	12	226	2.28e-52	168
B1AJI8.1	Q821F7.1	43.519	216	117	4	1	212	12	226	2.39e-52	168
B1AJI8.1	A1QYK3.1	44.811	212	113	3	3	210	9	220	2.42e-52	167
B1AJI8.1	Q7N1U8.1	42.130	216	121	4	1	212	5	220	2.48e-52	167
B1AJI8.1	Q1I5T6.1	42.254	213	120	3	3	212	13	225	3.15e-52	167
B1AJI8.1	Q3IG47.1	41.860	215	120	4	3	212	4	218	4.55e-52	167
B1AJI8.1	B5RQN2.1	44.340	212	114	3	3	210	9	220	5.26e-52	167
B1AJI8.1	Q02HQ1.1	43.192	213	118	3	3	212	14	226	5.65e-52	167
B1AJI8.1	B0KV50.1	42.254	213	120	3	3	212	13	225	5.88e-52	167
B1AJI8.1	A8YUE7.1	46.703	182	96	1	32	212	39	220	6.34e-52	167
B1AJI8.1	Q38VY5.1	42.180	211	121	1	3	212	9	219	7.02e-52	166
B1AJI8.1	A9KP29.1	42.723	213	119	3	3	212	8	220	7.47e-52	166
B1AJI8.1	Q5L4Q4.1	41.667	216	121	4	1	212	12	226	8.09e-52	166
B1AJI8.1	Q5WAZ9.1	40.094	212	125	2	3	212	8	219	9.64e-52	166
B1AJI8.1	Q7VMC0.1	41.589	214	121	3	3	212	4	217	1.00e-51	166
B1AJI8.1	O84613.1	42.254	213	120	2	3	212	14	226	1.50e-51	165
B1AJI8.1	Q0SPB2.1	44.811	212	113	3	3	210	9	220	1.56e-51	165
B1AJI8.1	Q662W1.1	44.340	212	114	3	3	210	9	220	1.92e-51	165
B1AJI8.1	A8AXM4.1	42.254	213	117	3	3	212	6	215	2.01e-51	165
B1AJI8.1	B8FSV8.1	42.925	212	118	3	3	212	8	218	2.38e-51	165
B1AJI8.1	B1J4J3.1	42.254	213	120	3	3	212	13	225	3.12e-51	165
B1AJI8.1	Q5FL46.1	44.444	207	111	2	7	212	17	220	3.44e-51	165
B1AJI8.1	B6J738.1	42.723	213	119	3	3	212	10	222	5.02e-51	164
B1AJI8.1	A9KCD5.2	43.192	213	118	3	3	212	10	222	5.27e-51	164
B1AJI8.1	Q88N05.1	41.315	213	122	3	3	212	13	225	6.35e-51	164
B1AJI8.1	Q5E2Y8.1	41.935	217	120	4	1	212	3	218	6.48e-51	164
B1AJI8.1	B1YFL0.1	41.038	212	123	2	3	212	5	216	7.79e-51	163
B1AJI8.1	B0B8I2.1	42.254	213	120	2	3	212	14	226	8.26e-51	164
B1AJI8.1	C3KDS6.1	40.376	213	124	3	3	212	13	225	8.38e-51	164
B1AJI8.1	Q83CW4.1	42.723	213	119	3	3	212	10	222	9.30e-51	163
B1AJI8.1	A7MS85.1	42.202	218	114	5	3	212	7	220	1.09e-50	163
B1AJI8.1	Q74K70.1	46.703	182	96	1	32	212	38	219	1.42e-50	163
B1AJI8.1	Q9PJD2.1	42.254	213	120	2	3	212	14	226	1.67e-50	163
B1AJI8.1	A5W8H2.1	41.315	213	122	3	3	212	13	225	2.11e-50	163
B1AJI8.1	A3CN85.1	41.315	213	119	3	3	212	6	215	2.26e-50	162
B1AJI8.1	Q9LIH6.1	41.935	217	118	4	3	212	113	328	2.61e-50	165
B1AJI8.1	Q04BG7.1	45.604	182	98	1	32	212	38	219	2.92e-50	162
B1AJI8.1	A5FFT1.1	42.254	213	120	3	3	212	9	221	3.05e-50	162
B1AJI8.1	Q1GB22.1	45.604	182	98	1	32	212	38	219	3.23e-50	162
B1AJI8.1	P53766.2	42.857	217	117	5	2	212	127	342	4.23e-50	165
B1AJI8.1	Q5LA67.1	40.566	212	124	2	3	212	9	220	4.29e-50	161
B1AJI8.1	P59465.1	43.056	216	119	3	1	212	7	222	4.98e-50	161
B1AJI8.1	Q64QI5.1	40.566	212	124	2	3	212	9	220	5.52e-50	161
B1AJI8.1	Q182G9.1	42.925	212	119	2	3	212	8	219	6.02e-50	161
B1AJI8.1	A5VIJ2.1	41.509	212	122	2	3	212	9	220	8.24e-50	161
B1AJI8.1	Q7VGS1.1	41.441	222	115	6	3	212	14	232	8.26e-50	161
B1AJI8.1	Q8XNR7.1	43.396	212	118	2	3	212	9	220	8.99e-50	161
B1AJI8.1	A5EVB8.1	41.395	215	119	5	3	212	15	227	1.21e-49	161
B1AJI8.1	A1SUE5.1	39.815	216	126	3	1	212	1	216	1.22e-49	160
B1AJI8.1	B6J089.1	42.254	213	120	3	3	212	10	222	1.28e-49	161
B1AJI8.1	B2TQZ9.1	41.509	212	122	2	3	212	9	220	1.47e-49	160
B1AJI8.1	B5FAJ7.1	41.014	217	122	4	1	212	3	218	2.10e-49	160
B1AJI8.1	Q0TUH0.1	42.925	212	119	2	3	212	9	220	2.34e-49	160
B1AJI8.1	A4VV30.1	40.758	211	123	2	3	212	6	215	4.04e-49	159
B1AJI8.1	Q7P1I1.1	39.906	213	125	3	3	212	15	227	4.08e-49	159
B1AJI8.1	Q87XE2.1	39.906	213	125	3	3	212	13	225	4.19e-49	159
B1AJI8.1	B8D787.1	40.930	215	124	2	1	212	3	217	4.28e-49	159
B1AJI8.1	Q48ET5.1	40.845	213	123	3	3	212	13	225	4.53e-49	159
B1AJI8.1	Q92CI1.1	42.453	212	120	2	3	212	8	219	4.55e-49	159
B1AJI8.1	Q0SWB8.1	42.453	212	120	2	3	212	9	220	6.23e-49	159
B1AJI8.1	Q630K2.1	41.315	213	121	3	3	212	9	220	6.91e-49	159
B1AJI8.1	B7HYF9.1	41.315	213	121	3	3	212	9	220	7.66e-49	158
B1AJI8.1	Q8Y7P6.1	42.925	212	119	2	3	212	8	219	8.37e-49	158
B1AJI8.1	Q72X51.1	41.315	213	121	3	3	212	9	220	8.48e-49	158
B1AJI8.1	B6EKY3.1	40.187	214	124	3	3	212	5	218	1.04e-48	158
B1AJI8.1	Q4ZPC2.1	40.376	213	124	3	3	212	13	225	1.10e-48	158
B1AJI8.1	Q8DTV8.1	40.758	211	123	2	3	212	6	215	1.20e-48	158
B1AJI8.1	B3WCZ5.1	44.022	184	102	1	30	212	36	219	1.26e-48	158
B1AJI8.1	A8MM35.1	41.038	212	123	2	3	212	9	220	1.41e-48	158
B1AJI8.1	B1MXY4.1	40.758	211	123	2	3	212	8	217	1.66e-48	158
B1AJI8.1	Q720K2.1	42.453	212	120	2	3	212	8	219	1.66e-48	158
B1AJI8.1	Q8EPH6.1	43.256	215	114	4	3	212	9	220	2.64e-48	157
B1AJI8.1	Q7MA00.1	40.376	213	123	4	3	212	15	226	3.40e-48	157
B1AJI8.1	Q9Z7D3.1	40.654	214	122	4	3	212	21	233	3.49e-48	157
B1AJI8.1	Q7VRQ7.1	41.204	216	123	3	1	212	4	219	3.72e-48	157
B1AJI8.1	A8FIM7.1	41.509	212	122	2	3	212	9	220	4.11e-48	157
B1AJI8.1	Q1GHJ4.1	41.706	211	116	4	3	212	17	221	6.23e-48	156
B1AJI8.1	A9VSJ0.1	40.845	213	122	3	3	212	9	220	8.06e-48	156
B1AJI8.1	Q88YG1.1	42.925	212	119	2	3	212	9	220	9.19e-48	156
B1AJI8.1	B7GMM1.1	41.509	212	122	2	3	212	9	220	9.30e-48	156
B1AJI8.1	Q03SK6.1	40.654	214	123	3	3	212	9	222	9.59e-48	156
B1AJI8.1	P39615.1	39.623	212	126	2	3	212	9	220	1.41e-47	155
B1AJI8.1	Q9U221.1	41.395	215	120	5	3	212	66	279	1.45e-47	156
B1AJI8.1	B2GAM7.1	45.455	187	100	2	28	212	34	220	2.20e-47	155
B1AJI8.1	B1I012.1	40.465	215	122	4	3	212	9	222	2.95e-47	154
B1AJI8.1	Q65DN9.1	40.566	212	124	2	3	212	9	220	3.59e-47	154
B1AJI8.1	Q5KUD0.1	41.038	212	123	2	3	212	8	219	5.76e-47	154
B1AJI8.1	C0Z887.1	36.792	212	132	2	3	212	9	220	6.33e-47	154
B1AJI8.1	B7JHM3.1	40.845	213	122	3	3	212	9	220	6.86e-47	154
B1AJI8.1	C3LFS7.1	40.845	213	122	3	3	212	9	220	7.19e-47	153
B1AJI8.1	B7HG60.1	40.845	213	122	3	3	212	9	220	7.48e-47	153
B1AJI8.1	B7IRS8.1	40.845	213	122	3	3	212	9	220	7.84e-47	153
B1AJI8.1	B1IBW9.1	40.284	211	124	2	3	212	6	215	9.28e-47	153
B1AJI8.1	A2RHW2.1	38.967	213	126	3	3	212	6	217	1.07e-46	153
B1AJI8.1	C5D9T3.1	41.981	212	121	2	3	212	8	219	1.17e-46	153
B1AJI8.1	Q03KM6.1	39.336	211	126	2	3	212	6	215	1.46e-46	152
B1AJI8.1	Q032L5.1	38.967	213	126	3	3	212	6	217	1.57e-46	152
B1AJI8.1	A7GVE5.1	40.094	212	125	2	3	212	9	220	1.73e-46	152
B1AJI8.1	A0RLI1.1	40.845	213	122	3	3	212	9	220	1.96e-46	152
B1AJI8.1	Q9CIX2.1	38.967	213	126	3	3	212	6	217	2.86e-46	152
B1AJI8.1	Q03W63.1	39.151	212	126	3	3	212	8	218	4.23e-46	151
B1AJI8.1	Q6HAN7.1	40.845	213	122	3	3	212	9	220	4.49e-46	151
B1AJI8.1	Q9K682.1	40.094	212	125	2	3	212	8	219	4.69e-46	151
B1AJI8.1	C1CKR8.1	38.863	211	127	2	3	212	6	215	5.36e-46	151
B1AJI8.1	B5E4R3.1	38.863	211	127	2	3	212	6	215	6.04e-46	151
B1AJI8.1	B8ZQ48.1	38.863	211	127	2	3	212	6	215	7.24e-46	151
B1AJI8.1	B5XL20.1	41.232	211	122	2	3	212	6	215	7.30e-46	151
B1AJI8.1	Q9K3Z0.1	37.089	213	129	4	3	212	11	221	7.53e-46	151
B1AJI8.1	B9DSB9.1	39.810	211	125	2	3	212	6	215	1.03e-45	150
B1AJI8.1	Q1IWN1.1	38.679	212	127	3	3	212	26	236	1.25e-45	151
B1AJI8.1	Q07YI6.1	43.011	186	103	2	30	212	33	218	1.70e-45	150
B1AJI8.1	A7ZA24.1	39.151	212	127	2	3	212	9	220	1.97e-45	150
B1AJI8.1	A6TVW5.1	40.099	202	119	2	3	202	8	209	2.12e-45	150
B1AJI8.1	Q48U05.1	41.232	211	122	2	3	212	6	215	2.66e-45	149
B1AJI8.1	A2RF00.1	40.758	211	123	2	3	212	6	215	2.91e-45	149
B1AJI8.1	Q1J724.1	40.758	211	123	2	3	212	6	215	3.20e-45	149
B1AJI8.1	P0DG74.1	40.758	211	123	2	3	212	6	215	3.99e-45	149
B1AJI8.1	Q1JC76.1	40.758	211	123	2	3	212	6	215	4.02e-45	149
B1AJI8.1	A4ITQ2.1	40.566	212	124	2	3	212	8	219	4.60e-45	149
B1AJI8.1	Q827B3.1	35.849	212	133	3	3	212	11	221	5.68e-45	149
B1AJI8.1	P0A4P3.1	38.863	211	127	2	3	212	6	215	8.58e-45	148
B1AJI8.1	Q8R634.1	39.623	212	126	2	3	212	8	219	1.24e-44	148
B1AJI8.1	Q8P1B6.1	40.758	211	123	2	3	212	6	215	2.09e-44	147
B1AJI8.1	Q9RWH9.1	37.559	213	129	3	3	212	27	238	2.96e-44	147
B1AJI8.1	Q5XCK3.1	40.284	211	124	2	3	212	6	215	3.18e-44	147
B1AJI8.1	C1CXS7.1	39.070	215	123	5	3	212	29	240	8.16e-43	143
B1AJI8.1	Q21SE9.1	39.207	227	114	7	5	212	29	250	9.95e-43	143
B1AJI8.1	C0ME57.1	37.915	211	129	2	3	212	6	215	1.12e-42	143
B1AJI8.1	B4U3D4.1	38.389	211	128	2	3	212	6	215	1.37e-42	142
B1AJI8.1	C0M7J9.1	38.389	211	128	2	3	212	6	215	1.41e-42	142
B1AJI8.1	Q4A8N4.1	38.318	214	129	3	1	212	5	217	3.15e-42	141
B1AJI8.1	O74834.1	40.000	205	117	3	3	202	86	289	3.39e-42	144
B1AJI8.1	A9IGW1.1	38.356	219	123	7	3	212	23	238	5.39e-42	141
B1AJI8.1	Q8FPQ4.1	41.848	184	100	5	33	212	56	236	1.33e-41	140
B1AJI8.1	Q315T1.1	33.636	220	135	3	3	212	15	233	1.35e-41	140
B1AJI8.1	B2UDL1.1	41.667	192	98	5	32	212	69	257	1.47e-41	141
B1AJI8.1	P52506.1	36.620	213	130	4	3	212	102	312	1.63e-41	142
B1AJI8.1	Q7VUM8.1	37.500	216	126	6	3	212	23	235	1.71e-41	140
B1AJI8.1	P52507.1	36.620	213	130	4	3	212	103	313	1.71e-41	142
B1AJI8.1	Q7WQW5.1	37.500	216	126	6	3	212	23	235	1.82e-41	140
B1AJI8.1	Q7W1Y7.1	37.500	216	126	6	3	212	23	235	1.85e-41	140
B1AJI8.1	Q8XVE4.1	40.625	192	100	5	32	212	72	260	8.74e-41	139
B1AJI8.1	P28866.1	37.089	213	129	4	3	212	99	309	9.80e-41	140
B1AJI8.1	Q2L0Y2.1	37.788	217	126	6	3	212	23	237	3.16e-40	137
B1AJI8.1	Q9EX12.1	39.267	191	108	6	26	212	36	222	3.87e-40	136
B1AJI8.1	P53764.1	37.313	201	121	4	15	212	3	201	9.95e-40	135
B1AJI8.1	A1UEC0.1	40.437	183	105	4	33	212	43	224	1.12e-39	135
B1AJI8.1	O36395.1	36.652	221	128	5	3	212	30	249	1.51e-39	135
B1AJI8.1	Q82MX6.1	37.173	191	112	6	26	212	36	222	1.61e-39	134
B1AJI8.1	F5HFA1.1	37.220	223	126	6	2	212	30	250	3.36e-39	134
B1AJI8.1	A8LD98.1	38.743	191	109	6	26	212	36	222	5.14e-39	133
B1AJI8.1	P53765.2	35.747	221	130	6	3	212	33	252	2.97e-38	132
B1AJI8.1	Q98PV4.1	37.850	214	129	4	2	212	6	218	7.70e-38	130
B1AJI8.1	F5HI85.1	34.112	214	136	4	3	212	34	246	1.54e-37	130
B1AJI8.1	P50639.1	36.073	219	131	7	1	212	32	248	2.92e-37	129
B1AJI8.1	A4TE31.1	39.674	184	103	6	33	212	43	222	4.88e-37	128
B1AJI8.1	A0QV01.1	38.587	184	107	5	33	212	43	224	7.01e-37	128
B1AJI8.1	A1T717.1	39.130	184	104	6	33	212	43	222	7.76e-37	128
B1AJI8.1	Q9J3N2.1	36.744	215	130	5	2	212	90	302	9.28e-37	129
B1AJI8.1	P09307.1	36.744	215	130	5	2	212	90	302	9.73e-37	129
B1AJI8.1	Q9E6R2.1	37.383	214	129	4	3	212	97	309	1.47e-36	129
B1AJI8.1	P75536.1	37.273	220	126	6	2	212	15	231	2.34e-36	127
B1AJI8.1	P12888.1	37.387	222	125	6	3	212	34	253	2.37e-36	127
B1AJI8.1	Q47Q90.1	38.579	197	105	8	24	212	37	225	3.56e-36	126
B1AJI8.1	Q5YRZ2.1	38.710	186	104	6	33	212	43	224	3.93e-36	126
B1AJI8.1	Q73VJ7.1	38.342	193	109	6	26	212	36	224	5.56e-36	125
B1AJI8.1	A0QJA9.1	38.342	193	109	6	26	212	36	224	5.83e-36	125
B1AJI8.1	A0PQ07.1	38.043	184	108	5	33	212	43	224	6.82e-36	125
B1AJI8.1	B8ZS02.1	37.306	193	111	6	26	212	36	224	1.38e-35	125
B1AJI8.1	B2HIJ2.1	38.043	184	108	5	33	212	43	224	1.51e-35	124
B1AJI8.1	P52447.1	36.697	218	127	8	3	212	36	250	1.55e-35	125
B1AJI8.1	P67078.1	37.158	183	111	4	33	212	46	227	2.67e-35	124
B1AJI8.1	Q8G3E9.1	39.153	189	103	5	33	212	26	211	3.54e-35	123
B1AJI8.1	P12887.1	37.156	218	119	4	3	202	106	323	5.42e-35	126
B1AJI8.1	B1MDP0.1	38.251	183	108	5	33	212	43	223	5.59e-35	123
B1AJI8.1	B6JNI4.1	36.232	207	119	5	1	196	11	215	7.46e-35	123
B1AJI8.1	B5Z8Z4.1	36.232	207	119	5	1	196	11	215	1.09e-34	122
B1AJI8.1	P52345.1	35.780	218	129	8	3	212	36	250	1.28e-34	123
B1AJI8.1	Q9ZJN9.1	36.232	207	119	5	1	196	11	215	2.47e-34	121
B1AJI8.1	B2UVB0.1	35.749	207	120	5	1	196	11	215	3.57e-34	121
B1AJI8.1	Q1CRR1.1	35.266	207	121	5	1	196	11	215	5.12e-34	121
B1AJI8.1	P28275.1	33.803	213	136	4	3	212	43	253	1.07e-33	120
B1AJI8.1	A1KMX0.1	37.173	191	114	5	26	212	36	224	1.12e-33	120
B1AJI8.1	P56397.1	35.266	207	121	5	1	196	11	215	9.91e-33	117
B1AJI8.1	Q01019.1	40.113	177	83	5	52	212	80	249	1.45e-32	117
B1AJI8.1	P10186.1	33.803	213	136	4	3	212	122	332	4.52e-32	118
B1AJI8.1	Q17Z05.1	34.300	207	123	5	1	196	11	215	9.73e-32	115
B1AJI8.1	A1SNW4.1	36.612	183	108	6	34	212	47	225	4.18e-31	113
B1AJI8.1	Q8NQU9.1	34.440	241	121	8	5	212	16	252	1.46e-30	112
B1AJI8.1	P13158.1	33.175	211	136	4	3	210	83	291	3.76e-30	112
B1AJI8.1	Q6UDG6.1	34.314	204	127	5	3	202	149	349	2.84e-27	105
B1AJI8.1	P47343.1	34.529	223	126	9	3	212	18	233	3.60e-26	101
B1AJI8.1	Q5UPT2.1	26.471	238	146	7	2	212	133	368	1.54e-16	77.5
# PSIBLAST 2.12.0+
# Iteration: 2
# Query: B1AJI8.1 RecName: Full=Uracil-DNA glycosylase; Short=UDG [Ureaplasma parvum serovar 3 str. ATCC 27815] >Q9PPU2.1 RecName: Full=Uracil-DNA glycosylase; Short=UDG [Ureaplasma parvum serovar 3 str. ATCC 700970]
# Database: ../../data/swissprot
# Fields: query acc.ver, subject acc.ver, % identity, alignment length, mismatches, gap opens, q. start, q. end, s. start, s. end, evalue, bit score
# 313 hits found
B1AJI8.1	B7GMM1.1	41.509	212	122	2	3	212	9	220	3.77e-132	371
B1AJI8.1	Q836Z5.1	41.784	213	122	2	2	212	8	220	3.33e-131	369
B1AJI8.1	P39615.1	38.967	213	128	2	2	212	8	220	3.81e-131	368
B1AJI8.1	C6DC11.1	44.907	216	115	3	1	212	5	220	5.28e-131	368
B1AJI8.1	A8GI39.1	41.667	216	122	3	1	212	5	220	5.41e-131	368
B1AJI8.1	Q5KUD0.1	41.038	212	123	2	3	212	8	219	7.99e-131	368
B1AJI8.1	A6TCJ2.1	42.130	216	121	3	1	212	5	220	1.09e-130	367
B1AJI8.1	C1DQR0.1	42.991	214	119	3	2	212	13	226	1.29e-130	367
B1AJI8.1	C5D9T3.1	41.981	212	121	2	3	212	8	219	1.55e-130	367
B1AJI8.1	Q2NS03.1	41.204	216	123	3	1	212	5	220	1.70e-130	367
B1AJI8.1	A1JKI8.1	43.056	216	119	3	1	212	5	220	3.50e-130	366
B1AJI8.1	A7ZA24.1	38.498	213	129	2	2	212	8	220	7.61e-130	365
B1AJI8.1	A4ITQ2.1	40.566	212	124	2	3	212	8	219	1.10e-129	365
B1AJI8.1	B5XNF8.1	41.204	216	123	3	1	212	5	220	1.34e-129	365
B1AJI8.1	Q5L9D9.1	41.315	213	123	2	2	212	8	220	1.66e-129	364
B1AJI8.1	A6L7T5.1	41.784	213	122	2	2	212	8	220	1.66e-129	364
B1AJI8.1	Q0T1S6.1	41.204	216	123	3	1	212	5	220	2.53e-129	364
B1AJI8.1	A7GVE5.1	39.623	212	126	2	3	212	9	220	2.82e-129	363
B1AJI8.1	P43731.1	42.791	215	119	3	2	212	3	217	3.04e-129	363
B1AJI8.1	B4RLL6.1	43.256	215	118	3	2	212	3	217	3.95e-129	363
B1AJI8.1	A8A392.1	41.204	216	123	3	1	212	5	220	5.01e-129	363
B1AJI8.1	Q88N05.1	41.121	214	123	3	2	212	12	225	5.17e-129	363
B1AJI8.1	B5Z154.1	41.667	216	122	3	1	212	5	220	5.78e-129	363
B1AJI8.1	A5F5R5.1	43.056	216	119	3	1	212	5	220	5.81e-129	363
B1AJI8.1	Q1I5T6.1	41.589	214	122	3	2	212	12	225	6.36e-129	363
B1AJI8.1	B0KV50.1	42.056	214	121	3	2	212	12	225	6.41e-129	363
B1AJI8.1	B7NRN6.1	41.667	216	122	3	1	212	5	220	6.83e-129	363
B1AJI8.1	A1AEB0.1	41.204	216	123	3	1	212	5	220	7.88e-129	363
B1AJI8.1	Q7N1U8.1	41.667	216	122	3	1	212	5	220	8.58e-129	362
B1AJI8.1	B4F058.1	41.667	216	122	3	1	212	5	220	1.01e-128	362
B1AJI8.1	B7MYL3.1	41.204	216	123	3	1	212	5	220	1.08e-128	362
B1AJI8.1	Q6D208.1	43.981	216	117	3	1	212	5	220	1.09e-128	362
B1AJI8.1	Q8FF08.3	41.204	216	123	3	1	212	5	220	1.36e-128	362
B1AJI8.1	B7LUY5.1	41.204	216	123	3	1	212	5	220	1.41e-128	362
B1AJI8.1	B2TQZ9.1	41.509	212	122	2	3	212	9	220	1.77e-128	361
B1AJI8.1	A5W8H2.1	41.121	214	123	3	2	212	12	225	2.01e-128	361
B1AJI8.1	A8AD07.1	41.667	216	122	3	1	212	5	220	2.19e-128	361
B1AJI8.1	A9MGV9.1	42.130	216	121	3	1	212	5	220	2.43e-128	361
B1AJI8.1	A4WDE9.1	42.130	216	121	3	1	212	5	220	2.74e-128	361
B1AJI8.1	B1J4J3.1	42.254	213	120	3	3	212	13	225	2.95e-128	361
B1AJI8.1	A1KU26.1	43.256	215	118	3	2	212	3	217	2.99e-128	361
B1AJI8.1	Q4KGS0.1	41.589	214	122	3	2	212	12	225	3.16e-128	361
B1AJI8.1	A9LZA2.1	43.256	215	118	3	2	212	3	217	3.48e-128	361
B1AJI8.1	Q8A5V6.1	41.784	213	122	2	2	212	8	220	3.48e-128	361
B1AJI8.1	A8MM35.1	40.566	212	124	2	3	212	9	220	3.84e-128	361
B1AJI8.1	A6VAM7.1	43.458	214	118	3	2	212	13	226	3.96e-128	361
B1AJI8.1	Q3KGL4.1	41.121	214	123	3	2	212	12	225	4.42e-128	361
B1AJI8.1	Q9K682.1	40.094	212	125	2	3	212	8	219	5.67e-128	360
B1AJI8.1	A8FIM7.1	40.845	213	124	2	2	212	8	220	7.04e-128	360
B1AJI8.1	Q02HQ1.1	42.991	214	119	3	2	212	13	226	7.83e-128	360
B1AJI8.1	B5F228.1	42.130	216	121	3	1	212	5	220	1.16e-127	360
B1AJI8.1	Q4L3Q7.1	43.662	213	119	1	1	212	1	213	1.17e-127	359
B1AJI8.1	A9N0W3.1	41.667	216	122	3	1	212	5	220	1.42e-127	359
B1AJI8.1	Q65DN9.1	40.376	213	125	2	2	212	8	220	1.56e-127	359
B1AJI8.1	A6M317.1	45.755	212	113	2	3	212	9	220	2.57e-127	359
B1AJI8.1	Q7MNR0.2	43.056	216	119	3	1	212	5	220	2.74e-127	359
B1AJI8.1	B0UWA7.1	44.186	215	116	3	2	212	3	217	4.50e-127	358
B1AJI8.1	Q9JUC4.1	43.256	215	118	3	2	212	3	217	5.79e-127	358
B1AJI8.1	Q630K2.1	40.094	212	125	2	3	212	9	220	6.82e-127	358
B1AJI8.1	B7HYF9.1	40.094	212	125	2	3	212	9	220	7.56e-127	357
B1AJI8.1	Q5WAZ9.1	40.566	212	124	2	3	212	8	219	1.39e-126	357
B1AJI8.1	C4LC44.1	41.860	215	121	3	2	212	3	217	1.46e-126	357
B1AJI8.1	Q65VN0.1	44.651	215	115	3	2	212	3	217	1.97e-126	356
B1AJI8.1	Q72X51.1	40.094	212	125	2	3	212	9	220	2.14e-126	356
B1AJI8.1	Q87SC4.1	43.256	215	118	3	2	212	6	220	2.57e-126	356
B1AJI8.1	A0KMZ1.1	43.256	215	118	3	2	212	3	217	2.80e-126	356
B1AJI8.1	B9DKT3.1	42.254	213	122	1	1	212	1	213	3.07e-126	356
B1AJI8.1	B2VEC7.1	41.204	216	123	3	1	212	5	220	3.89e-126	356
B1AJI8.1	A5UBC0.1	41.860	215	121	3	2	212	3	217	3.99e-126	355
B1AJI8.1	B6J738.1	42.523	214	120	3	2	212	9	222	5.02e-126	355
B1AJI8.1	C0Z887.1	36.792	212	132	2	3	212	9	220	5.70e-126	355
B1AJI8.1	Q92LU5.1	40.654	214	124	3	2	212	10	223	5.70e-126	356
B1AJI8.1	C4Z8Z2.1	42.991	214	119	3	2	212	7	220	5.82e-126	355
B1AJI8.1	Q4QPM6.1	41.395	215	122	3	2	212	3	217	6.53e-126	355
B1AJI8.1	C3KDS6.1	39.720	214	126	3	2	212	12	225	6.84e-126	355
B1AJI8.1	B3ERG6.1	45.070	213	115	2	2	212	8	220	1.12e-125	354
B1AJI8.1	Q83CW4.1	42.523	214	120	3	2	212	9	222	1.39e-125	354
B1AJI8.1	A5IQD5.1	41.784	213	123	1	1	212	1	213	1.40e-125	354
B1AJI8.1	Q0TUH0.1	43.396	212	118	2	3	212	9	220	1.46e-125	354
B1AJI8.1	A9KCD5.2	42.991	214	119	3	2	212	9	222	1.47e-125	354
B1AJI8.1	B8F6C3.1	43.458	214	118	3	2	212	3	216	1.69e-125	354
B1AJI8.1	Q2YS83.1	41.784	213	123	1	1	212	1	213	1.80e-125	354
B1AJI8.1	A4SK71.1	42.326	215	120	3	2	212	3	217	2.54e-125	353
B1AJI8.1	A7MS85.1	40.930	215	123	3	2	212	6	220	2.78e-125	353
B1AJI8.1	Q48ET5.1	40.376	213	124	3	3	212	13	225	2.84e-125	354
B1AJI8.1	B8FSV8.1	42.453	212	119	3	3	212	8	218	2.96e-125	353
B1AJI8.1	Q4ZPC2.1	39.720	214	126	3	2	212	12	225	3.71e-125	353
B1AJI8.1	Q5R080.1	45.116	215	115	2	1	212	1	215	3.89e-125	353
B1AJI8.1	Q6GBQ6.1	41.784	213	123	1	1	212	1	213	3.99e-125	353
B1AJI8.1	Q87XE2.1	39.252	214	127	3	2	212	12	225	4.39e-125	353
B1AJI8.1	Q8XNR7.1	43.868	212	117	2	3	212	9	220	4.41e-125	353
B1AJI8.1	A6UDC0.1	41.121	214	123	3	2	212	10	223	4.46e-125	353
B1AJI8.1	A9VSJ0.1	39.623	212	126	2	3	212	9	220	6.10e-125	352
B1AJI8.1	Q0SWB8.1	42.925	212	119	2	3	212	9	220	7.69e-125	352
B1AJI8.1	B7HG60.1	39.623	212	126	2	3	212	9	220	8.00e-125	352
B1AJI8.1	B6EKY3.1	40.000	215	125	3	2	212	4	218	8.52e-125	352
B1AJI8.1	A3MZ80.1	44.651	215	115	3	2	212	3	217	9.37e-125	352
B1AJI8.1	Q8UCM8.1	42.523	214	120	3	2	212	15	228	1.16e-124	352
B1AJI8.1	Q182G9.1	42.925	212	119	2	3	212	8	219	1.30e-124	352
B1AJI8.1	B6J089.1	42.056	214	121	3	2	212	9	222	2.08e-124	351
B1AJI8.1	A0RLI1.1	39.623	212	126	2	3	212	9	220	3.45e-124	351
B1AJI8.1	B1YFL0.1	40.566	212	124	2	3	212	5	216	3.52e-124	351
B1AJI8.1	C3LFS7.1	39.623	212	126	2	3	212	9	220	3.62e-124	351
B1AJI8.1	Q92CI1.1	42.453	212	120	2	3	212	8	219	3.91e-124	351
B1AJI8.1	Q720K2.1	42.453	212	120	2	3	212	8	219	4.10e-124	351
B1AJI8.1	Q03GV8.1	42.925	212	119	2	3	212	9	220	4.72e-124	351
B1AJI8.1	B5FAJ7.1	40.278	216	125	3	1	212	3	218	5.73e-124	350
B1AJI8.1	Q5E2Y8.1	41.204	216	123	3	1	212	3	218	6.30e-124	350
B1AJI8.1	P57807.1	42.791	215	119	3	2	212	3	217	7.86e-124	350
B1AJI8.1	B7JHM3.1	39.623	212	126	2	3	212	9	220	9.01e-124	350
B1AJI8.1	Q6HAN7.1	39.623	212	126	2	3	212	9	220	9.30e-124	349
B1AJI8.1	A5VIJ2.1	41.038	212	123	2	3	212	9	220	2.03e-123	349
B1AJI8.1	B7IRS8.1	39.623	212	126	2	3	212	9	220	2.76e-123	348
B1AJI8.1	Q8Y7P6.1	42.925	212	119	2	3	212	8	219	4.07e-123	348
B1AJI8.1	C1CXS7.1	37.383	214	130	3	2	212	28	240	5.09e-123	348
B1AJI8.1	Q49VD1.1	41.784	213	123	1	1	212	1	213	5.49e-123	347
B1AJI8.1	A6VLV4.1	43.256	215	118	3	2	212	3	217	5.72e-123	347
B1AJI8.1	P13051.2	44.860	214	115	2	2	212	97	310	8.84e-123	349
B1AJI8.1	A6TVW5.1	39.151	212	127	2	3	212	8	219	9.32e-123	347
B1AJI8.1	B2RHL6.1	41.784	213	121	2	3	212	10	222	3.08e-122	345
B1AJI8.1	A4IWI7.1	45.370	216	114	3	1	212	1	216	5.08e-122	345
B1AJI8.1	P97931.3	46.262	214	112	2	2	212	90	303	5.16e-122	347
B1AJI8.1	A0Q7Y8.1	45.833	216	113	3	1	212	1	216	6.70e-122	345
B1AJI8.1	Q7MXF6.1	42.254	213	120	2	3	212	10	222	6.82e-122	345
B1AJI8.1	Q8CQ65.1	41.784	213	123	1	1	212	1	213	8.35e-122	344
B1AJI8.1	Q3BNI2.1	44.393	214	116	3	2	212	13	226	1.04e-121	345
B1AJI8.1	B1JRB1.1	42.593	216	120	3	1	212	5	220	1.15e-121	344
B1AJI8.1	Q88YG1.1	42.453	212	120	2	3	212	9	220	1.31e-121	344
B1AJI8.1	Q5HRG5.1	42.254	213	122	1	1	212	1	213	1.40e-121	344
B1AJI8.1	A4TKZ2.1	42.593	216	120	3	1	212	5	220	1.78e-121	344
B1AJI8.1	Q7VMC0.1	41.395	215	122	3	2	212	3	217	2.41e-121	343
B1AJI8.1	B0TXF5.1	43.056	216	119	3	1	212	1	216	3.49e-121	343
B1AJI8.1	A7FFS4.1	42.593	216	120	3	1	212	5	220	3.93e-121	343
B1AJI8.1	B6YR15.1	42.723	213	120	2	2	212	8	220	4.20e-121	343
B1AJI8.1	Q38VY5.1	41.706	211	122	1	3	212	9	219	4.43e-121	343
B1AJI8.1	Q9RWH9.1	37.559	213	129	3	3	212	27	238	5.01e-121	343
B1AJI8.1	Q8PFZ6.1	44.393	214	116	3	2	212	13	226	5.94e-121	343
B1AJI8.1	B9E8N2.1	39.906	213	127	1	1	212	1	213	6.49e-121	342
B1AJI8.1	B1I012.1	40.187	214	124	3	3	212	9	222	7.76e-121	342
B1AJI8.1	Q74K70.1	40.758	211	124	1	3	212	9	219	1.06e-120	342
B1AJI8.1	Q8EPH6.1	41.981	212	121	2	3	212	9	220	1.43e-120	342
B1AJI8.1	Q30Q92.1	42.254	213	121	2	2	212	9	221	1.53e-120	341
B1AJI8.1	A5FFT1.1	41.589	214	122	3	2	212	8	221	2.06e-120	341
B1AJI8.1	A9KP29.1	42.723	213	119	3	3	212	8	220	2.40e-120	341
B1AJI8.1	A7GVX1.1	45.070	213	114	3	2	212	13	224	2.80e-120	341
B1AJI8.1	Q827B3.1	35.681	213	134	3	2	212	10	221	3.57e-120	340
B1AJI8.1	Q723S4.1	41.784	213	122	2	2	212	4	216	3.85e-120	340
B1AJI8.1	A7NAN4.1	44.907	216	115	3	1	212	1	216	4.62e-120	340
B1AJI8.1	Q92EQ0.1	40.845	213	124	2	2	212	4	216	4.81e-120	340
B1AJI8.1	Q8Y9X7.1	41.784	213	122	2	2	212	4	216	5.64e-120	340
B1AJI8.1	Q9K3Z0.1	36.150	213	133	3	2	212	10	221	5.89e-120	340
B1AJI8.1	Q03KM6.1	39.151	212	127	2	2	212	5	215	6.19e-120	340
B1AJI8.1	B0VD25.1	43.721	215	117	4	2	212	19	233	8.40e-120	340
B1AJI8.1	A3M500.2	43.721	215	117	4	2	212	19	233	9.39e-120	340
B1AJI8.1	B0RWT2.1	43.925	214	117	3	2	212	13	226	1.12e-119	340
B1AJI8.1	Q9LIH6.1	40.553	217	123	3	2	212	112	328	1.27e-119	342
B1AJI8.1	B2GAM7.1	40.566	212	124	2	3	212	9	220	2.15e-119	338
B1AJI8.1	B0VMZ7.1	43.721	215	117	4	2	212	19	233	3.32e-119	338
B1AJI8.1	O84613.1	41.589	214	122	2	2	212	13	226	3.90e-119	338
B1AJI8.1	B2SJF5.1	43.458	214	118	3	2	212	13	226	4.22e-119	338
B1AJI8.1	B0B8I2.1	41.589	214	122	2	2	212	13	226	5.58e-119	338
B1AJI8.1	A3CN85.1	39.810	211	125	2	3	212	6	215	6.09e-119	337
B1AJI8.1	A4VV30.1	40.758	211	123	2	3	212	6	215	7.79e-119	337
B1AJI8.1	A8AXM4.1	40.758	211	123	2	3	212	6	215	7.98e-119	337
B1AJI8.1	B3WCZ5.1	38.863	211	128	1	3	212	9	219	8.49e-119	337
B1AJI8.1	A0M1V1.1	47.196	214	110	3	2	212	8	221	1.71e-118	336
B1AJI8.1	Q9PJD2.1	41.589	214	122	2	2	212	13	226	2.02e-118	336
B1AJI8.1	Q821F7.1	42.326	215	121	2	1	212	12	226	2.79e-118	336
B1AJI8.1	Q1IWN1.1	38.208	212	128	3	3	212	26	236	3.61e-118	336
B1AJI8.1	Q3IG47.1	41.860	215	120	4	3	212	4	218	7.62e-118	334
B1AJI8.1	Q5FL46.1	41.232	211	123	1	3	212	10	220	7.74e-118	334
B1AJI8.1	Q9PA28.2	41.121	214	123	3	2	212	21	234	9.34e-118	335
B1AJI8.1	Q03SK6.1	40.654	214	123	3	3	212	9	222	1.28e-117	334
B1AJI8.1	A8YUE7.1	40.284	211	125	1	3	212	10	220	1.33e-117	334
B1AJI8.1	Q5L4Q4.1	40.465	215	125	2	1	212	12	226	1.38e-117	334
B1AJI8.1	Q6F9Y2.1	44.651	215	115	4	2	212	19	233	1.45e-117	334
B1AJI8.1	B2IAB2.1	41.121	214	123	3	2	212	21	234	1.67e-117	334
B1AJI8.1	Q04BG7.1	39.336	211	127	1	3	212	9	219	2.13e-117	333
B1AJI8.1	B0U620.1	40.654	214	124	3	2	212	21	234	2.91e-117	334
B1AJI8.1	P29950.1	40.777	206	119	3	10	212	1	206	3.85e-117	333
B1AJI8.1	A7ZAZ4.1	44.131	213	116	3	2	212	13	224	5.41e-117	333
B1AJI8.1	Q1GB22.1	39.336	211	127	1	3	212	9	219	5.89e-117	332
B1AJI8.1	Q64QI5.1	40.376	213	125	2	2	212	8	220	6.71e-117	332
B1AJI8.1	Q8DTV8.1	40.758	211	123	2	3	212	6	215	8.24e-117	332
B1AJI8.1	P0A4P3.1	38.679	212	128	2	2	212	5	215	8.64e-117	332
B1AJI8.1	Q8EB78.1	40.741	216	124	3	1	212	1	216	8.65e-117	332
B1AJI8.1	Q5LA67.1	39.906	213	126	2	2	212	8	220	8.73e-117	332
B1AJI8.1	Q256I7.1	42.326	215	121	2	1	212	12	226	9.65e-117	332
B1AJI8.1	A7I0A8.1	45.794	214	112	4	2	212	13	225	1.99e-116	331
B1AJI8.1	A0RM89.1	45.540	213	113	3	2	212	13	224	5.37e-116	330
B1AJI8.1	B1IBW9.1	40.094	212	125	2	2	212	5	215	9.36e-116	329
B1AJI8.1	Q9PJ40.1	44.131	213	115	4	3	212	17	228	1.00e-115	329
B1AJI8.1	Q8R634.1	39.623	212	126	2	3	212	8	219	1.03e-115	329
B1AJI8.1	Q5HX80.1	44.601	213	114	4	3	212	17	228	1.16e-115	329
B1AJI8.1	A1VXG9.1	44.601	213	114	4	3	212	17	228	1.18e-115	329
B1AJI8.1	A8EWN8.1	43.256	215	119	2	1	212	1	215	3.03e-115	327
B1AJI8.1	Q9Z7D3.1	39.070	215	128	2	1	212	19	233	4.78e-115	328
B1AJI8.1	C1CKR8.1	38.679	212	128	2	2	212	5	215	9.29e-115	326
B1AJI8.1	A7H1G3.1	45.070	213	113	4	3	212	17	228	9.58e-115	327
B1AJI8.1	A8FJP1.1	43.662	213	116	4	3	212	17	228	1.37e-114	326
B1AJI8.1	B8ZQ48.1	38.679	212	128	2	2	212	5	215	1.43e-114	326
B1AJI8.1	B5E4R3.1	38.679	212	128	2	2	212	5	215	1.81e-114	325
B1AJI8.1	B8D787.1	40.930	215	124	2	1	212	3	217	2.12e-114	325
B1AJI8.1	B9DSB9.1	39.623	212	126	2	2	212	5	215	2.94e-114	325
B1AJI8.1	C0M7J9.1	38.389	211	128	2	3	212	6	215	4.37e-114	325
B1AJI8.1	B5RKV2.1	44.393	214	115	3	2	211	8	221	4.86e-114	325
B1AJI8.1	B4U3D4.1	38.389	211	128	2	3	212	6	215	5.37e-114	324
B1AJI8.1	C0ME57.1	37.915	211	129	2	3	212	6	215	9.90e-114	324
B1AJI8.1	B2S1N8.1	43.925	214	116	3	2	211	8	221	2.62e-113	323
B1AJI8.1	A5EVB8.1	40.465	215	123	4	2	212	14	227	3.05e-113	323
B1AJI8.1	P53766.2	42.857	217	117	5	2	212	127	342	4.59e-113	325
B1AJI8.1	Q7MA00.1	39.252	214	126	4	2	212	14	226	5.40e-113	322
B1AJI8.1	P59465.1	43.056	216	119	3	1	212	7	222	7.58e-113	322
B1AJI8.1	B5RQN2.1	43.925	214	116	3	2	211	8	221	8.14e-113	322
B1AJI8.1	Q48U05.1	41.232	211	122	2	3	212	6	215	1.03e-112	321
B1AJI8.1	B9KEK7.1	43.458	214	117	4	2	212	13	225	1.36e-112	321
B1AJI8.1	A1QYK3.1	44.393	214	115	3	2	211	8	221	1.66e-112	321
B1AJI8.1	Q057V4.1	43.256	215	119	2	1	212	7	221	2.44e-112	320
B1AJI8.1	Q1JC76.1	40.758	211	123	2	3	212	6	215	4.77e-112	320
B1AJI8.1	A2RF00.1	40.758	211	123	2	3	212	6	215	7.09e-112	319
B1AJI8.1	B5XL20.1	41.232	211	122	2	3	212	6	215	7.87e-112	319
B1AJI8.1	Q1J724.1	40.758	211	123	2	3	212	6	215	1.20e-111	318
B1AJI8.1	P0DG74.1	40.758	211	123	2	3	212	6	215	2.94e-111	317
B1AJI8.1	A1SUE5.1	39.352	216	127	3	1	212	1	216	3.21e-111	317
B1AJI8.1	Q8P1B6.1	40.758	211	123	2	3	212	6	215	3.64e-111	317
B1AJI8.1	B7J0Y9.1	45.327	214	113	3	2	211	8	221	1.80e-110	316
B1AJI8.1	Q5XCK3.1	40.284	211	124	2	3	212	6	215	3.08e-110	315
B1AJI8.1	Q662W1.1	43.925	214	116	3	2	211	8	221	5.34e-110	315
B1AJI8.1	Q9U221.1	40.278	216	123	4	2	212	65	279	5.45e-110	316
B1AJI8.1	Q0SPB2.1	44.393	214	115	3	2	211	8	221	1.41e-109	313
B1AJI8.1	Q7VRQ7.1	41.204	216	123	3	1	212	4	219	2.21e-109	313
B1AJI8.1	B1MXY4.1	40.566	212	124	2	2	212	7	217	3.76e-109	312
B1AJI8.1	Q07YI6.1	39.720	214	125	3	3	212	5	218	4.81e-109	312
B1AJI8.1	Q7P1I1.1	39.437	213	126	3	3	212	15	227	6.20e-108	309
B1AJI8.1	B5ZC55.1	88.679	212	24	0	1	212	1	212	2.96e-107	307
B1AJI8.1	Q03W63.1	39.437	213	126	3	2	212	7	218	5.77e-106	304
B1AJI8.1	B1AJI8.1	100.000	212	0	0	1	212	1	212	9.50e-106	303
B1AJI8.1	Q032L5.1	38.498	213	127	3	3	212	6	217	9.14e-105	301
B1AJI8.1	Q7VGS1.1	40.724	221	118	5	3	212	14	232	9.33e-105	301
B1AJI8.1	A2RHW2.1	38.498	213	127	3	3	212	6	217	1.47e-104	300
B1AJI8.1	Q9CIX2.1	38.498	213	127	3	3	212	6	217	2.57e-104	300
B1AJI8.1	B2UDL1.1	37.387	222	124	6	3	212	39	257	2.89e-104	301
B1AJI8.1	O74834.1	37.788	217	129	4	2	212	85	301	3.28e-104	302
B1AJI8.1	P12887.1	34.783	230	131	4	2	212	105	334	8.78e-104	302
B1AJI8.1	Q8XVE4.1	35.586	222	128	6	3	212	42	260	1.17e-102	297
B1AJI8.1	A1UEC0.1	35.514	214	131	6	3	212	14	224	6.50e-102	294
B1AJI8.1	P52506.1	35.981	214	132	4	2	212	101	312	4.28e-101	294
B1AJI8.1	P28866.1	36.449	214	131	4	2	212	98	309	7.33e-101	293
B1AJI8.1	P52507.1	35.981	214	132	4	2	212	102	313	7.69e-101	293
B1AJI8.1	A0QV01.1	33.645	214	135	6	3	212	14	224	4.91e-99	287
B1AJI8.1	Q315T1.1	35.294	204	122	3	19	212	30	233	5.54e-99	287
B1AJI8.1	Q7VUM8.1	37.037	216	127	6	3	212	23	235	1.02e-98	286
B1AJI8.1	A4TE31.1	34.579	214	131	7	3	212	14	222	1.12e-98	286
B1AJI8.1	Q7W1Y7.1	37.037	216	127	6	3	212	23	235	1.44e-98	286
B1AJI8.1	A0QJA9.1	34.112	214	134	6	3	212	14	224	1.46e-98	285
B1AJI8.1	Q73VJ7.1	34.112	214	134	6	3	212	14	224	1.72e-98	285
B1AJI8.1	Q7WQW5.1	37.037	216	127	6	3	212	23	235	1.86e-98	286
B1AJI8.1	A1T717.1	34.112	214	132	7	3	212	14	222	3.14e-98	284
B1AJI8.1	B8ZS02.1	33.178	214	136	6	3	212	14	224	3.74e-98	284
B1AJI8.1	B2HIJ2.1	33.178	214	136	6	3	212	14	224	4.57e-98	284
B1AJI8.1	A0PQ07.1	33.178	214	136	6	3	212	14	224	5.31e-98	284
B1AJI8.1	P10186.1	33.803	213	136	4	3	212	122	332	1.44e-96	283
B1AJI8.1	Q8FPQ4.1	36.574	216	127	7	2	212	26	236	1.60e-96	280
B1AJI8.1	P12888.1	36.652	221	128	5	3	212	34	253	2.62e-96	280
B1AJI8.1	Q5YRZ2.1	32.710	214	137	6	3	212	14	224	3.14e-96	279
B1AJI8.1	P28275.1	33.803	213	136	4	3	212	43	253	3.72e-96	280
B1AJI8.1	P53765.2	34.842	221	132	5	3	212	33	252	1.27e-95	279
B1AJI8.1	O36395.1	35.747	221	130	5	3	212	30	249	3.02e-95	278
B1AJI8.1	B1MDP0.1	33.178	214	135	7	3	212	14	223	6.82e-95	276
B1AJI8.1	Q47Q90.1	34.112	214	132	7	3	212	17	225	9.37e-95	276
B1AJI8.1	Q2L0Y2.1	37.788	217	126	6	3	212	23	237	1.32e-94	276
B1AJI8.1	Q1GHJ4.1	40.758	211	118	3	3	212	17	221	1.56e-94	275
B1AJI8.1	Q21SE9.1	36.957	230	123	6	3	212	23	250	3.64e-94	275
B1AJI8.1	A9IGW1.1	37.156	218	127	7	3	212	23	238	3.67e-94	275
B1AJI8.1	Q9E6R2.1	36.744	215	131	4	2	212	96	309	6.81e-94	276
B1AJI8.1	Q98PV4.1	37.559	213	129	4	3	212	7	218	1.00e-93	273
B1AJI8.1	P09307.1	35.814	215	132	5	2	212	90	302	3.07e-93	274
B1AJI8.1	Q9J3N2.1	35.814	215	132	5	2	212	90	302	3.66e-93	274
B1AJI8.1	P13158.1	33.175	211	136	4	3	210	83	291	5.07e-93	273
B1AJI8.1	A1SNW4.1	31.308	214	138	7	3	212	17	225	1.11e-91	268
B1AJI8.1	Q9EX12.1	34.579	214	131	7	3	212	14	222	1.49e-91	268
B1AJI8.1	P53764.1	37.129	202	122	4	14	212	2	201	4.39e-91	266
B1AJI8.1	Q8G3E9.1	35.238	210	123	6	13	212	5	211	7.64e-91	265
B1AJI8.1	Q01019.1	35.294	221	131	6	3	212	30	249	1.77e-90	265
B1AJI8.1	A1KMX0.1	33.178	214	136	6	3	212	14	224	3.64e-90	264
B1AJI8.1	Q82MX6.1	32.243	214	136	7	3	212	14	222	7.50e-90	263
B1AJI8.1	F5HFA1.1	36.937	222	128	5	2	212	30	250	1.91e-89	263
B1AJI8.1	F5HI85.1	34.579	214	135	4	3	212	34	246	1.35e-88	260
B1AJI8.1	A8LD98.1	33.645	214	133	7	3	212	14	222	1.31e-87	257
B1AJI8.1	Q8NQU9.1	32.083	240	125	7	2	212	22	252	3.49e-87	257
B1AJI8.1	P67078.1	32.558	215	138	6	2	212	16	227	4.59e-87	256
B1AJI8.1	P50639.1	35.321	218	134	5	1	212	32	248	7.25e-87	256
B1AJI8.1	Q9ZJN9.1	35.437	206	120	5	1	195	11	214	9.91e-87	255
B1AJI8.1	P52447.1	36.111	216	131	5	3	212	36	250	1.02e-86	256
B1AJI8.1	B5Z8Z4.1	35.749	207	120	5	1	196	11	215	1.03e-86	255
B1AJI8.1	Q1CRR1.1	34.742	213	125	7	1	201	11	221	1.04e-86	255
B1AJI8.1	B2UVB0.1	34.928	209	123	6	1	198	11	217	6.70e-86	253
B1AJI8.1	P52345.1	35.185	216	133	5	3	212	36	250	7.11e-86	254
B1AJI8.1	Q4A8N4.1	38.318	214	129	3	1	212	5	217	1.16e-85	252
B1AJI8.1	P56397.1	34.951	206	121	5	1	195	11	214	1.48e-85	252
B1AJI8.1	B6JNI4.1	35.922	206	119	5	1	195	11	214	1.51e-85	252
B1AJI8.1	Q17Z05.1	33.493	209	126	5	1	198	11	217	2.13e-84	249
B1AJI8.1	Q6UDG6.1	32.093	215	139	5	2	212	148	359	9.06e-83	248
B1AJI8.1	Q5UPT2.1	25.738	237	149	6	2	212	133	368	2.66e-70	217
B1AJI8.1	P75536.1	36.364	220	128	6	2	212	15	231	8.01e-69	210
B1AJI8.1	P47343.1	34.222	225	126	9	2	212	17	233	1.06e-66	205
B1AJI8.1	P21968.2	21.229	179	131	7	34	212	44	212	1.26e-10	59.6
B1AJI8.1	P04303.2	16.667	204	157	8	12	212	19	212	2.19e-05	45.5
B1AJI8.1	Q91UM2.1	16.667	204	157	8	12	212	19	212	2.81e-05	45.2
B1AJI8.1	P20536.1	16.667	204	157	8	12	212	19	212	4.99e-05	44.7
B1AJI8.1	P0DSP8.1	16.667	204	157	8	12	212	19	212	5.03e-05	44.7
B1AJI8.1	M1LL92.1	16.667	204	157	8	12	212	19	212	1.95e-04	43.0
B1AJI8.1	P0DSP7.1	16.176	204	158	8	12	212	19	212	2.94e-04	42.4
# PSIBLAST 2.12.0+
# Iteration: 3
# Query: B1AJI8.1 RecName: Full=Uracil-DNA glycosylase; Short=UDG [Ureaplasma parvum serovar 3 str. ATCC 27815] >Q9PPU2.1 RecName: Full=Uracil-DNA glycosylase; Short=UDG [Ureaplasma parvum serovar 3 str. ATCC 700970]
# Database: ../../data/swissprot
# Fields: query acc.ver, subject acc.ver, % identity, alignment length, mismatches, gap opens, q. start, q. end, s. start, s. end, evalue, bit score
# 314 hits found
B1AJI8.1	B7GMM1.1	41.509	212	122	2	3	212	9	220	3.22e-131	369
B1AJI8.1	Q836Z5.1	41.784	213	122	2	2	212	8	220	1.05e-130	367
B1AJI8.1	P39615.1	38.967	213	128	2	2	212	8	220	1.22e-130	367
B1AJI8.1	C1DQR0.1	42.991	214	119	3	2	212	13	226	2.23e-130	367
B1AJI8.1	Q5KUD0.1	41.038	212	123	2	3	212	8	219	7.92e-130	365
B1AJI8.1	C5D9T3.1	41.509	212	122	2	3	212	8	219	1.37e-129	364
B1AJI8.1	Q2NS03.1	41.204	216	123	3	1	212	5	220	1.49e-129	364
B1AJI8.1	A8GI39.1	41.667	216	122	3	1	212	5	220	1.55e-129	364
B1AJI8.1	C6DC11.1	44.444	216	116	3	1	212	5	220	3.23e-129	363
B1AJI8.1	Q88N05.1	41.121	214	123	3	2	212	12	225	3.42e-129	363
B1AJI8.1	Q1I5T6.1	41.589	214	122	3	2	212	12	225	3.45e-129	363
B1AJI8.1	A7ZA24.1	38.498	213	129	2	2	212	8	220	4.92e-129	363
B1AJI8.1	A7GVE5.1	39.623	212	126	2	3	212	9	220	9.87e-129	362
B1AJI8.1	B0KV50.1	42.056	214	121	3	2	212	12	225	1.05e-128	362
B1AJI8.1	A1JKI8.1	43.056	216	119	3	1	212	5	220	1.11e-128	362
B1AJI8.1	A4ITQ2.1	40.566	212	124	2	3	212	8	219	1.12e-128	362
B1AJI8.1	A5W8H2.1	41.121	214	123	3	2	212	12	225	1.50e-128	362
B1AJI8.1	A6TCJ2.1	42.130	216	121	3	1	212	5	220	1.58e-128	362
B1AJI8.1	Q4KGS0.1	40.654	214	124	3	2	212	12	225	2.07e-128	362
B1AJI8.1	A6VAM7.1	43.458	214	118	3	2	212	13	226	3.29e-128	361
B1AJI8.1	Q5L9D9.1	41.315	213	123	2	2	212	8	220	5.34e-128	360
B1AJI8.1	A8FIM7.1	40.845	213	124	2	2	212	8	220	5.63e-128	360
B1AJI8.1	Q02HQ1.1	42.991	214	119	3	2	212	13	226	6.16e-128	360
B1AJI8.1	A6L7T5.1	41.315	213	123	2	2	212	8	220	7.46e-128	360
B1AJI8.1	B1J4J3.1	42.254	213	120	3	3	212	13	225	8.20e-128	360
B1AJI8.1	Q0T1S6.1	41.204	216	123	3	1	212	5	220	1.38e-127	359
B1AJI8.1	Q3KGL4.1	41.121	214	123	3	2	212	12	225	1.42e-127	360
B1AJI8.1	B5XNF8.1	41.204	216	123	3	1	212	5	220	1.45e-127	359
B1AJI8.1	A8A392.1	41.204	216	123	3	1	212	5	220	2.63e-127	359
B1AJI8.1	Q7N1U8.1	41.667	216	122	3	1	212	5	220	3.03e-127	358
B1AJI8.1	B5Z154.1	41.667	216	122	3	1	212	5	220	3.04e-127	358
B1AJI8.1	A1AEB0.1	41.204	216	123	3	1	212	5	220	3.56e-127	358
B1AJI8.1	B7NRN6.1	41.667	216	122	3	1	212	5	220	3.88e-127	358
B1AJI8.1	B4F058.1	41.667	216	122	3	1	212	5	220	4.13e-127	358
B1AJI8.1	Q9K682.1	40.094	212	125	2	3	212	8	219	4.61e-127	358
B1AJI8.1	Q6D208.1	43.519	216	118	3	1	212	5	220	4.70e-127	358
B1AJI8.1	B7MYL3.1	41.204	216	123	3	1	212	5	220	5.01e-127	358
B1AJI8.1	A8MM35.1	40.566	212	124	2	3	212	9	220	5.54e-127	358
B1AJI8.1	Q8FF08.3	41.204	216	123	3	1	212	5	220	6.45e-127	358
B1AJI8.1	A5F5R5.1	43.056	216	119	3	1	212	5	220	6.87e-127	358
B1AJI8.1	A4WDE9.1	42.130	216	121	3	1	212	5	220	8.26e-127	357
B1AJI8.1	B4RLL6.1	43.256	215	118	3	2	212	3	217	8.33e-127	357
B1AJI8.1	A8AD07.1	41.667	216	122	3	1	212	5	220	1.04e-126	357
B1AJI8.1	B7LUY5.1	41.204	216	123	3	1	212	5	220	1.20e-126	357
B1AJI8.1	Q65DN9.1	40.376	213	125	2	2	212	8	220	1.48e-126	357
B1AJI8.1	Q8A5V6.1	41.784	213	122	2	2	212	8	220	1.82e-126	356
B1AJI8.1	C3KDS6.1	38.785	214	128	3	2	212	12	225	1.92e-126	356
B1AJI8.1	A9MGV9.1	42.130	216	121	3	1	212	5	220	2.06e-126	356
B1AJI8.1	B2TQZ9.1	41.509	212	122	2	3	212	9	220	2.09e-126	356
B1AJI8.1	Q630K2.1	40.094	212	125	2	3	212	9	220	2.12e-126	356
B1AJI8.1	B7HYF9.1	40.094	212	125	2	3	212	9	220	2.29e-126	356
B1AJI8.1	P43731.1	42.791	215	119	3	2	212	3	217	3.40e-126	356
B1AJI8.1	Q92LU5.1	40.654	214	124	3	2	212	10	223	3.54e-126	356
B1AJI8.1	B5F228.1	42.130	216	121	3	1	212	5	220	4.21e-126	356
B1AJI8.1	A9LZA2.1	43.256	215	118	3	2	212	3	217	5.65e-126	355
B1AJI8.1	A9N0W3.1	41.667	216	122	3	1	212	5	220	6.11e-126	355
B1AJI8.1	Q72X51.1	40.094	212	125	2	3	212	9	220	8.18e-126	355
B1AJI8.1	A1KU26.1	43.256	215	118	3	2	212	3	217	8.54e-126	354
B1AJI8.1	Q87XE2.1	38.318	214	129	3	2	212	12	225	1.15e-125	354
B1AJI8.1	Q4ZPC2.1	38.785	214	128	3	2	212	12	225	1.15e-125	354
B1AJI8.1	C4LC44.1	41.860	215	121	3	2	212	3	217	1.64e-125	354
B1AJI8.1	Q7MNR0.2	43.056	216	119	3	1	212	5	220	1.75e-125	354
B1AJI8.1	Q5WAZ9.1	40.566	212	124	2	3	212	8	219	2.00e-125	354
B1AJI8.1	A6UDC0.1	41.121	214	123	3	2	212	10	223	2.11e-125	354
B1AJI8.1	Q48ET5.1	39.437	213	126	3	3	212	13	225	3.19e-125	353
B1AJI8.1	A6M317.1	45.755	212	113	2	3	212	9	220	3.67e-125	353
B1AJI8.1	B0UWA7.1	43.721	215	117	3	2	212	3	217	4.26e-125	353
B1AJI8.1	C4Z8Z2.1	42.991	214	119	3	2	212	7	220	5.08e-125	353
B1AJI8.1	C0Z887.1	36.792	212	132	2	3	212	9	220	6.89e-125	353
B1AJI8.1	A0KMZ1.1	43.256	215	118	3	2	212	3	217	7.25e-125	352
B1AJI8.1	B6J738.1	42.523	214	120	3	2	212	9	222	8.07e-125	352
B1AJI8.1	B2VEC7.1	41.204	216	123	3	1	212	5	220	1.03e-124	352
B1AJI8.1	Q9JUC4.1	43.256	215	118	3	2	212	3	217	1.06e-124	352
B1AJI8.1	B7HG60.1	39.623	212	126	2	3	212	9	220	1.52e-124	351
B1AJI8.1	Q4L3Q7.1	43.662	213	119	1	1	212	1	213	1.65e-124	351
B1AJI8.1	Q87SC4.1	43.256	215	118	3	2	212	6	220	1.77e-124	351
B1AJI8.1	Q83CW4.1	42.523	214	120	3	2	212	9	222	2.25e-124	351
B1AJI8.1	B3ERG6.1	45.070	213	115	2	2	212	8	220	2.88e-124	351
B1AJI8.1	A9VSJ0.1	39.623	212	126	2	3	212	9	220	2.91e-124	351
B1AJI8.1	Q8UCM8.1	42.523	214	120	3	2	212	15	228	3.27e-124	351
B1AJI8.1	Q182G9.1	42.925	212	119	2	3	212	8	219	3.58e-124	351
B1AJI8.1	A4SK71.1	42.326	215	120	3	2	212	3	217	3.84e-124	351
B1AJI8.1	Q65VN0.1	44.651	215	115	3	2	212	3	217	4.16e-124	350
B1AJI8.1	C3LFS7.1	39.623	212	126	2	3	212	9	220	4.27e-124	350
B1AJI8.1	A9KCD5.2	42.991	214	119	3	2	212	9	222	4.40e-124	350
B1AJI8.1	Q0TUH0.1	43.396	212	118	2	3	212	9	220	6.55e-124	350
B1AJI8.1	C1CXS7.1	37.383	214	130	3	2	212	28	240	6.99e-124	351
B1AJI8.1	B6EKY3.1	40.000	215	125	3	2	212	4	218	7.61e-124	350
B1AJI8.1	Q720K2.1	42.453	212	120	2	3	212	8	219	9.21e-124	349
B1AJI8.1	B8F6C3.1	43.458	214	118	3	2	212	3	216	1.01e-123	349
B1AJI8.1	B8FSV8.1	42.453	212	119	3	3	212	8	218	1.05e-123	349
B1AJI8.1	A0RLI1.1	39.623	212	126	2	3	212	9	220	1.10e-123	349
B1AJI8.1	Q8XNR7.1	43.868	212	117	2	3	212	9	220	1.23e-123	349
B1AJI8.1	B9DKT3.1	42.254	213	122	1	1	212	1	213	1.57e-123	349
B1AJI8.1	A5VIJ2.1	41.038	212	123	2	3	212	9	220	1.64e-123	349
B1AJI8.1	Q92CI1.1	42.453	212	120	2	3	212	8	219	1.66e-123	349
B1AJI8.1	Q03GV8.1	42.925	212	119	2	3	212	9	220	1.89e-123	349
B1AJI8.1	Q0SWB8.1	42.925	212	119	2	3	212	9	220	2.11e-123	349
B1AJI8.1	B6J089.1	42.056	214	121	3	2	212	9	222	2.38e-123	349
B1AJI8.1	B7JHM3.1	39.623	212	126	2	3	212	9	220	2.69e-123	348
B1AJI8.1	Q6HAN7.1	39.623	212	126	2	3	212	9	220	2.87e-123	348
B1AJI8.1	B5FAJ7.1	40.278	216	125	3	1	212	3	218	2.89e-123	348
B1AJI8.1	A7MS85.1	40.930	215	123	3	2	212	6	220	3.42e-123	348
B1AJI8.1	B7IRS8.1	39.623	212	126	2	3	212	9	220	3.47e-123	348
B1AJI8.1	Q5E2Y8.1	41.204	216	123	3	1	212	3	218	3.55e-123	348
B1AJI8.1	A3MZ80.1	44.651	215	115	3	2	212	3	217	7.10e-123	347
B1AJI8.1	Q5R080.1	45.116	215	115	2	1	212	1	215	8.61e-123	347
B1AJI8.1	A5UBC0.1	41.860	215	121	3	2	212	3	217	1.07e-122	347
B1AJI8.1	Q2YS83.1	41.784	213	123	1	1	212	1	213	1.11e-122	347
B1AJI8.1	A5IQD5.1	41.784	213	123	1	1	212	1	213	1.15e-122	347
B1AJI8.1	Q4QPM6.1	41.395	215	122	3	2	212	3	217	1.25e-122	347
B1AJI8.1	Q8Y7P6.1	42.925	212	119	2	3	212	8	219	1.32e-122	347
B1AJI8.1	Q6GBQ6.1	41.784	213	123	1	1	212	1	213	2.86e-122	345
B1AJI8.1	A6TVW5.1	39.151	212	127	2	3	212	8	219	4.59e-122	345
B1AJI8.1	Q88YG1.1	42.453	212	120	2	3	212	9	220	5.79e-122	345
B1AJI8.1	P57807.1	42.791	215	119	3	2	212	3	217	8.99e-122	344
B1AJI8.1	A4IWI7.1	45.370	216	114	3	1	212	1	216	2.07e-121	344
B1AJI8.1	Q74K70.1	40.758	211	124	1	3	212	9	219	2.20e-121	344
B1AJI8.1	P13051.2	44.860	214	115	2	2	212	97	310	2.59e-121	346
B1AJI8.1	Q3BNI2.1	43.925	214	117	3	2	212	13	226	2.70e-121	344
B1AJI8.1	B1YFL0.1	41.038	212	123	2	3	212	5	216	3.87e-121	343
B1AJI8.1	A0Q7Y8.1	45.833	216	113	3	1	212	1	216	4.06e-121	343
B1AJI8.1	A6VLV4.1	42.791	215	119	3	2	212	3	217	4.58e-121	343
B1AJI8.1	Q38VY5.1	41.706	211	122	1	3	212	9	219	5.39e-121	343
B1AJI8.1	P97931.3	46.262	214	112	2	2	212	90	303	5.75e-121	345
B1AJI8.1	B2RHL6.1	41.589	214	120	3	3	212	10	222	6.05e-121	342
B1AJI8.1	Q49VD1.1	41.784	213	123	1	1	212	1	213	9.95e-121	342
B1AJI8.1	Q8PFZ6.1	43.925	214	117	3	2	212	13	226	1.32e-120	342
B1AJI8.1	Q7MXF6.1	41.589	214	120	3	3	212	10	222	1.51e-120	341
B1AJI8.1	B1JRB1.1	42.593	216	120	3	1	212	5	220	1.86e-120	341
B1AJI8.1	A4TKZ2.1	42.593	216	120	3	1	212	5	220	2.97e-120	341
B1AJI8.1	B0TXF5.1	43.056	216	119	3	1	212	1	216	4.16e-120	340
B1AJI8.1	Q9RWH9.1	37.559	213	129	3	3	212	27	238	5.16e-120	341
B1AJI8.1	A7FFS4.1	42.593	216	120	3	1	212	5	220	6.79e-120	340
B1AJI8.1	Q827B3.1	35.681	213	134	3	2	212	10	221	9.17e-120	339
B1AJI8.1	B3WCZ5.1	38.863	211	128	1	3	212	9	219	1.03e-119	339
B1AJI8.1	A7NAN4.1	44.907	216	115	3	1	212	1	216	1.40e-119	339
B1AJI8.1	B2GAM7.1	40.566	212	124	2	3	212	9	220	1.44e-119	339
B1AJI8.1	Q7VMC0.1	41.395	215	122	3	2	212	3	217	1.46e-119	339
B1AJI8.1	B0VD25.1	43.256	215	118	4	2	212	19	233	1.61e-119	339
B1AJI8.1	A3M500.2	43.256	215	118	4	2	212	19	233	2.37e-119	339
B1AJI8.1	A9KP29.1	42.723	213	119	3	3	212	8	220	2.68e-119	338
B1AJI8.1	O84613.1	41.121	214	123	2	2	212	13	226	2.88e-119	338
B1AJI8.1	B0RWT2.1	43.458	214	118	3	2	212	13	226	3.27e-119	338
B1AJI8.1	Q9K3Z0.1	36.150	213	133	3	2	212	10	221	3.68e-119	338
B1AJI8.1	B0B8I2.1	41.121	214	123	2	2	212	13	226	4.49e-119	338
B1AJI8.1	Q8CQ65.1	41.784	213	123	1	1	212	1	213	7.47e-119	337
B1AJI8.1	A5FFT1.1	41.589	214	122	3	2	212	8	221	8.24e-119	337
B1AJI8.1	Q9LIH6.1	40.553	217	123	3	2	212	112	328	8.53e-119	340
B1AJI8.1	B2SJF5.1	42.991	214	119	3	2	212	13	226	1.16e-118	337
B1AJI8.1	Q92EQ0.1	40.845	213	124	2	2	212	4	216	1.21e-118	336
B1AJI8.1	B6YR15.1	41.784	213	122	2	2	212	8	220	1.22e-118	336
B1AJI8.1	Q8Y9X7.1	41.784	213	122	2	2	212	4	216	1.24e-118	336
B1AJI8.1	B1I012.1	40.187	214	124	3	3	212	9	222	1.25e-118	336
B1AJI8.1	Q821F7.1	41.860	215	122	2	1	212	12	226	1.32e-118	336
B1AJI8.1	Q30Q92.1	42.254	213	121	2	2	212	9	221	1.42e-118	336
B1AJI8.1	Q723S4.1	41.784	213	122	2	2	212	4	216	1.45e-118	336
B1AJI8.1	Q9PJD2.1	41.121	214	123	2	2	212	13	226	1.67e-118	336
B1AJI8.1	B0VMZ7.1	43.256	215	118	4	2	212	19	233	1.69e-118	336
B1AJI8.1	A8YUE7.1	40.284	211	125	1	3	212	10	220	1.72e-118	336
B1AJI8.1	Q5HRG5.1	42.254	213	122	1	1	212	1	213	1.76e-118	336
B1AJI8.1	B9E8N2.1	39.906	213	127	1	1	212	1	213	1.82e-118	336
B1AJI8.1	Q8EPH6.1	41.981	212	121	2	3	212	9	220	2.06e-118	336
B1AJI8.1	Q5L4Q4.1	40.000	215	126	2	1	212	12	226	2.60e-118	336
B1AJI8.1	Q04BG7.1	39.336	211	127	1	3	212	9	219	3.17e-118	335
B1AJI8.1	A7GVX1.1	44.601	213	115	3	2	212	13	224	3.81e-118	335
B1AJI8.1	Q3IG47.1	41.860	215	120	4	3	212	4	218	4.80e-118	335
B1AJI8.1	Q5FL46.1	40.758	211	124	1	3	212	10	220	8.23e-118	335
B1AJI8.1	Q1GB22.1	39.336	211	127	1	3	212	9	219	8.54e-118	335
B1AJI8.1	Q6F9Y2.1	44.186	215	116	4	2	212	19	233	1.30e-117	334
B1AJI8.1	Q03KM6.1	39.151	212	127	2	2	212	5	215	1.41e-117	334
B1AJI8.1	Q256I7.1	41.860	215	122	2	1	212	12	226	1.98e-117	333
B1AJI8.1	A4VV30.1	40.758	211	123	2	3	212	6	215	2.42e-117	333
B1AJI8.1	Q1IWN1.1	37.736	212	129	3	3	212	26	236	3.66e-117	333
B1AJI8.1	Q9PA28.2	41.121	214	123	3	2	212	21	234	4.21e-117	333
B1AJI8.1	Q03SK6.1	40.654	214	123	3	3	212	9	222	4.63e-117	333
B1AJI8.1	A3CN85.1	39.336	211	126	2	3	212	6	215	6.28e-117	332
B1AJI8.1	B2IAB2.1	41.121	214	123	3	2	212	21	234	8.96e-117	333
B1AJI8.1	P29950.1	40.777	206	119	3	10	212	1	206	9.73e-117	331
B1AJI8.1	A0M1V1.1	46.729	214	111	3	2	212	8	221	1.26e-116	331
B1AJI8.1	B0U620.1	40.654	214	124	3	2	212	21	234	1.47e-116	332
B1AJI8.1	Q8EB78.1	41.204	216	123	3	1	212	1	216	1.57e-116	331
B1AJI8.1	Q64QI5.1	39.906	213	126	2	2	212	8	220	1.67e-116	331
B1AJI8.1	Q5LA67.1	39.906	213	126	2	2	212	8	220	1.80e-116	331
B1AJI8.1	A8AXM4.1	40.284	211	124	2	3	212	6	215	2.02e-116	331
B1AJI8.1	A7ZAZ4.1	43.662	213	117	3	2	212	13	224	1.67e-115	329
B1AJI8.1	Q9Z7D3.1	38.605	215	129	2	1	212	19	233	6.25e-115	327
B1AJI8.1	B1IBW9.1	40.094	212	125	2	2	212	5	215	1.22e-114	326
B1AJI8.1	Q8DTV8.1	40.284	211	124	2	3	212	6	215	2.65e-114	325
B1AJI8.1	A7I0A8.1	44.860	214	114	4	2	212	13	225	3.76e-114	325
B1AJI8.1	A0RM89.1	45.070	213	114	3	2	212	13	224	4.87e-114	325
B1AJI8.1	P0A4P3.1	38.208	212	129	2	2	212	5	215	4.92e-114	324
B1AJI8.1	C0M7J9.1	37.915	211	129	2	3	212	6	215	1.55e-113	323
B1AJI8.1	C1CKR8.1	38.679	212	128	2	2	212	5	215	1.94e-113	323
B1AJI8.1	B4U3D4.1	37.915	211	129	2	3	212	6	215	1.97e-113	323
B1AJI8.1	B8ZQ48.1	38.679	212	128	2	2	212	5	215	2.67e-113	323
B1AJI8.1	B5E4R3.1	38.679	212	128	2	2	212	5	215	2.87e-113	323
B1AJI8.1	Q8R634.1	39.623	212	126	2	3	212	8	219	3.24e-113	323
B1AJI8.1	A5EVB8.1	40.465	215	123	4	2	212	14	227	5.23e-113	322
B1AJI8.1	C0ME57.1	37.441	211	130	2	3	212	6	215	6.97e-113	322
B1AJI8.1	Q5HX80.1	44.601	213	114	4	3	212	17	228	1.01e-112	322
B1AJI8.1	Q9PJ40.1	44.131	213	115	4	3	212	17	228	1.07e-112	322
B1AJI8.1	A8EWN8.1	43.256	215	119	2	1	212	1	215	1.72e-112	320
B1AJI8.1	A1VXG9.1	44.601	213	114	4	3	212	17	228	1.83e-112	321
B1AJI8.1	B9DSB9.1	39.623	212	126	2	2	212	5	215	2.10e-112	320
B1AJI8.1	B8D787.1	40.930	215	124	2	1	212	3	217	4.10e-112	320
B1AJI8.1	Q7MA00.1	39.252	214	126	4	2	212	14	226	6.33e-112	320
B1AJI8.1	A7H1G3.1	45.070	213	113	4	3	212	17	228	1.09e-111	319
B1AJI8.1	B5RKV2.1	44.393	214	115	3	2	211	8	221	1.35e-111	318
B1AJI8.1	A8FJP1.1	43.662	213	116	4	3	212	17	228	1.48e-111	318
B1AJI8.1	P59465.1	43.056	216	119	3	1	212	7	222	3.92e-111	317
B1AJI8.1	Q48U05.1	40.758	211	123	2	3	212	6	215	7.14e-111	317
B1AJI8.1	B2S1N8.1	43.925	214	116	3	2	211	8	221	2.03e-110	315
B1AJI8.1	B5RQN2.1	43.925	214	116	3	2	211	8	221	2.06e-110	315
B1AJI8.1	A1SUE5.1	39.352	216	127	3	1	212	1	216	2.24e-110	315
B1AJI8.1	B9KEK7.1	42.991	214	118	4	2	212	13	225	2.88e-110	315
B1AJI8.1	A1QYK3.1	44.393	214	115	3	2	211	8	221	3.26e-110	315
B1AJI8.1	Q1JC76.1	40.284	211	124	2	3	212	6	215	3.28e-110	315
B1AJI8.1	Q9U221.1	40.278	216	123	4	2	212	65	279	5.36e-110	316
B1AJI8.1	B5XL20.1	40.758	211	123	2	3	212	6	215	5.90e-110	314
B1AJI8.1	A2RF00.1	40.284	211	124	2	3	212	6	215	7.20e-110	314
B1AJI8.1	P53766.2	42.130	216	118	4	3	212	128	342	1.06e-109	317
B1AJI8.1	Q1J724.1	40.284	211	124	2	3	212	6	215	1.17e-109	313
B1AJI8.1	P0DG74.1	40.284	211	124	2	3	212	6	215	1.66e-109	313
B1AJI8.1	Q8P1B6.1	40.284	211	124	2	3	212	6	215	1.81e-109	313
B1AJI8.1	Q5XCK3.1	39.810	211	125	2	3	212	6	215	1.31e-108	311
B1AJI8.1	Q057V4.1	43.256	215	119	2	1	212	7	221	2.83e-108	310
B1AJI8.1	Q7VRQ7.1	41.204	216	123	3	1	212	4	219	1.50e-107	308
B1AJI8.1	B7J0Y9.1	45.327	214	113	3	2	211	8	221	1.58e-107	308
B1AJI8.1	Q07YI6.1	39.720	214	125	3	3	212	5	218	2.04e-107	308
B1AJI8.1	B1MXY4.1	40.094	212	125	2	2	212	7	217	2.61e-107	308
B1AJI8.1	Q662W1.1	43.925	214	116	3	2	211	8	221	2.94e-107	308
B1AJI8.1	Q7P1I1.1	39.437	213	126	3	3	212	15	227	1.17e-106	306
B1AJI8.1	Q0SPB2.1	44.393	214	115	3	2	211	8	221	1.40e-106	306
B1AJI8.1	B2UDL1.1	37.387	222	124	6	3	212	39	257	2.69e-105	304
B1AJI8.1	Q03W63.1	39.437	213	126	3	2	212	7	218	2.04e-104	300
B1AJI8.1	Q7VGS1.1	40.724	221	118	5	3	212	14	232	9.24e-104	299
B1AJI8.1	O74834.1	37.788	217	129	4	2	212	85	301	1.22e-103	301
B1AJI8.1	Q8XVE4.1	36.036	222	127	6	3	212	42	260	1.32e-103	299
B1AJI8.1	A1UEC0.1	35.514	214	131	6	3	212	14	224	4.10e-103	297
B1AJI8.1	P12887.1	34.783	230	131	4	2	212	105	334	2.73e-102	298
B1AJI8.1	Q032L5.1	38.498	213	127	3	3	212	6	217	3.02e-102	295
B1AJI8.1	Q9CIX2.1	38.498	213	127	3	3	212	6	217	5.84e-102	294
B1AJI8.1	A2RHW2.1	38.498	213	127	3	3	212	6	217	6.38e-102	294
B1AJI8.1	B5ZC55.1	88.679	212	24	0	1	212	1	212	5.70e-101	291
B1AJI8.1	A4TE31.1	34.579	214	131	7	3	212	14	222	6.80e-101	291
B1AJI8.1	A0QV01.1	33.645	214	135	6	3	212	14	224	7.02e-101	291
B1AJI8.1	P28866.1	36.449	214	131	4	2	212	98	309	7.74e-101	293
B1AJI8.1	P52506.1	35.981	214	132	4	2	212	101	312	1.45e-100	293
B1AJI8.1	P52507.1	35.981	214	132	4	2	212	102	313	2.69e-100	292
B1AJI8.1	B2HIJ2.1	33.178	214	136	6	3	212	14	224	2.75e-100	290
B1AJI8.1	A0PQ07.1	33.178	214	136	6	3	212	14	224	2.91e-100	290
B1AJI8.1	A0QJA9.1	34.112	214	134	6	3	212	14	224	4.46e-100	289
B1AJI8.1	Q73VJ7.1	34.112	214	134	6	3	212	14	224	5.31e-100	289
B1AJI8.1	B8ZS02.1	33.178	214	136	6	3	212	14	224	6.08e-100	289
B1AJI8.1	A1T717.1	34.112	214	132	7	3	212	14	222	6.85e-100	289
B1AJI8.1	B1AJI8.1	100.000	212	0	0	1	212	1	212	9.02e-99	286
B1AJI8.1	Q5YRZ2.1	32.710	214	137	6	3	212	14	224	1.11e-98	286
B1AJI8.1	Q315T1.1	35.294	204	122	3	19	212	30	233	4.08e-98	284
B1AJI8.1	Q7VUM8.1	37.037	216	127	6	3	212	23	235	7.08e-98	284
B1AJI8.1	Q7W1Y7.1	37.037	216	127	6	3	212	23	235	9.65e-98	284
B1AJI8.1	Q7WQW5.1	37.037	216	127	6	3	212	23	235	1.15e-97	284
B1AJI8.1	Q47Q90.1	34.112	214	132	7	3	212	17	225	3.48e-97	282
B1AJI8.1	P10186.1	33.803	213	136	4	3	212	122	332	4.81e-97	284
B1AJI8.1	B1MDP0.1	33.178	214	135	7	3	212	14	223	6.26e-97	281
B1AJI8.1	P12888.1	36.652	221	128	5	3	212	34	253	1.06e-96	281
B1AJI8.1	P28275.1	33.803	213	136	4	3	212	43	253	4.53e-96	280
B1AJI8.1	Q8FPQ4.1	35.648	216	129	7	2	212	26	236	5.92e-96	279
B1AJI8.1	P53765.2	35.294	221	131	6	3	212	33	252	1.65e-95	278
B1AJI8.1	O36395.1	35.747	221	130	5	3	212	30	249	9.23e-95	276
B1AJI8.1	A1SNW4.1	31.308	214	138	7	3	212	17	225	1.36e-94	275
B1AJI8.1	Q1GHJ4.1	40.284	211	119	4	3	212	17	221	1.88e-94	275
B1AJI8.1	Q9EX12.1	34.579	214	131	7	3	212	14	222	4.95e-94	274
B1AJI8.1	Q21SE9.1	36.957	230	123	7	3	212	23	250	7.20e-94	274
B1AJI8.1	Q9E6R2.1	36.744	215	131	4	2	212	96	309	1.64e-93	275
B1AJI8.1	A9IGW1.1	37.156	218	127	7	3	212	23	238	2.42e-93	273
B1AJI8.1	Q98PV4.1	37.559	213	129	4	3	212	7	218	4.32e-93	271
B1AJI8.1	Q2L0Y2.1	38.073	218	124	7	3	212	23	237	8.76e-93	271
B1AJI8.1	P13158.1	33.175	211	136	4	3	210	83	291	9.62e-93	272
B1AJI8.1	P09307.1	35.814	215	132	5	2	212	90	302	1.11e-92	272
B1AJI8.1	Q9J3N2.1	35.814	215	132	5	2	212	90	302	1.37e-92	272
B1AJI8.1	Q82MX6.1	32.243	214	136	7	3	212	14	222	2.77e-92	269
B1AJI8.1	A1KMX0.1	33.178	214	136	6	3	212	14	224	3.57e-92	269
B1AJI8.1	Q01019.1	34.842	221	132	5	3	212	30	249	5.56e-92	269
B1AJI8.1	Q8G3E9.1	34.762	210	124	6	13	212	5	211	9.62e-92	268
B1AJI8.1	A8LD98.1	33.178	214	134	7	3	212	14	222	7.03e-90	263
B1AJI8.1	P53764.1	37.129	202	122	4	14	212	2	201	7.82e-90	262
B1AJI8.1	F5HFA1.1	36.937	222	128	5	2	212	30	250	9.87e-90	264
B1AJI8.1	P67078.1	32.558	215	138	6	2	212	16	227	8.42e-89	261
B1AJI8.1	P52447.1	36.111	216	131	5	3	212	36	250	2.14e-88	260
B1AJI8.1	F5HI85.1	34.579	214	135	4	3	212	34	246	4.97e-88	259
B1AJI8.1	P52345.1	35.185	216	133	5	3	212	36	250	7.43e-88	259
B1AJI8.1	Q8NQU9.1	31.667	240	126	7	2	212	22	252	1.06e-87	258
B1AJI8.1	P50639.1	35.321	218	134	5	1	212	32	248	1.51e-86	255
B1AJI8.1	Q1CRR1.1	35.211	213	124	7	1	201	11	221	7.25e-86	253
B1AJI8.1	Q9ZJN9.1	35.437	206	120	5	1	195	11	214	7.79e-86	253
B1AJI8.1	B5Z8Z4.1	35.749	207	120	5	1	196	11	215	1.13e-85	253
B1AJI8.1	B2UVB0.1	34.928	209	123	6	1	198	11	217	5.35e-85	251
B1AJI8.1	P56397.1	34.951	206	121	6	1	195	11	214	1.34e-84	250
B1AJI8.1	Q4A8N4.1	38.318	214	129	3	1	212	5	217	7.65e-84	248
B1AJI8.1	Q17Z05.1	33.493	209	126	5	1	198	11	217	1.70e-83	247
B1AJI8.1	B6JNI4.1	35.922	206	119	5	1	195	11	214	2.15e-83	247
B1AJI8.1	Q6UDG6.1	32.093	215	139	5	2	212	148	359	5.72e-83	249
B1AJI8.1	Q5UPT2.1	25.738	237	149	6	2	212	133	368	2.14e-69	214
B1AJI8.1	P75536.1	36.364	220	128	6	2	212	15	231	3.21e-66	203
B1AJI8.1	P47343.1	33.632	223	130	8	2	212	17	233	8.20e-66	202
B1AJI8.1	P04303.2	16.667	204	157	8	12	212	19	212	2.62e-49	159
B1AJI8.1	Q91UM2.1	16.667	204	157	8	12	212	19	212	3.95e-49	159
B1AJI8.1	P20536.1	16.667	204	157	8	12	212	19	212	9.28e-49	158
B1AJI8.1	P0DSP8.1	16.667	204	157	8	12	212	19	212	1.91e-48	157
B1AJI8.1	M1LL92.1	16.667	204	157	8	12	212	19	212	7.02e-48	156
B1AJI8.1	P21968.2	20.652	184	136	7	29	212	39	212	1.48e-47	155
B1AJI8.1	P0DSP7.1	16.176	204	158	8	12	212	19	212	3.58e-47	154
B1AJI8.1	P32941.1	16.505	206	159	8	10	212	17	212	6.70e-34	120
# PSIBLAST 2.12.0+
# Iteration: 4
# Query: B1AJI8.1 RecName: Full=Uracil-DNA glycosylase; Short=UDG [Ureaplasma parvum serovar 3 str. ATCC 27815] >Q9PPU2.1 RecName: Full=Uracil-DNA glycosylase; Short=UDG [Ureaplasma parvum serovar 3 str. ATCC 700970]
# Database: ../../data/swissprot
# Fields: query acc.ver, subject acc.ver, % identity, alignment length, mismatches, gap opens, q. start, q. end, s. start, s. end, evalue, bit score
# 314 hits found
B1AJI8.1	B7GMM1.1	41.038	212	123	2	3	212	9	220	7.14e-132	370
B1AJI8.1	P39615.1	38.967	213	128	2	2	212	8	220	7.85e-132	370
B1AJI8.1	Q836Z5.1	41.315	213	123	2	2	212	8	220	3.18e-131	369
B1AJI8.1	C1DQR0.1	42.991	214	119	3	2	212	13	226	5.94e-131	368
B1AJI8.1	Q2NS03.1	41.204	216	123	3	1	212	5	220	1.61e-130	367
B1AJI8.1	A8GI39.1	41.667	216	122	3	1	212	5	220	2.28e-130	366
B1AJI8.1	Q5KUD0.1	40.566	212	124	2	3	212	8	219	2.53e-130	366
B1AJI8.1	C6DC11.1	44.444	216	116	3	1	212	5	220	2.65e-130	366
B1AJI8.1	C5D9T3.1	41.509	212	122	2	3	212	8	219	4.26e-130	366
B1AJI8.1	A1JKI8.1	43.056	216	119	3	1	212	5	220	9.16e-130	365
B1AJI8.1	A7ZA24.1	38.028	213	130	2	2	212	8	220	1.06e-129	365
B1AJI8.1	Q1I5T6.1	41.589	214	122	3	2	212	12	225	1.44e-129	365
B1AJI8.1	A7GVE5.1	39.151	212	127	2	3	212	9	220	1.47e-129	364
B1AJI8.1	Q88N05.1	41.121	214	123	3	2	212	12	225	1.83e-129	364
B1AJI8.1	A6TCJ2.1	42.130	216	121	3	1	212	5	220	3.37e-129	363
B1AJI8.1	A4ITQ2.1	40.094	212	125	2	3	212	8	219	4.82e-129	363
B1AJI8.1	Q4KGS0.1	40.654	214	124	3	2	212	12	225	5.61e-129	363
B1AJI8.1	B0KV50.1	42.056	214	121	3	2	212	12	225	6.79e-129	363
B1AJI8.1	A5W8H2.1	41.121	214	123	3	2	212	12	225	7.71e-129	363
B1AJI8.1	A6VAM7.1	43.458	214	118	3	2	212	13	226	1.14e-128	362
B1AJI8.1	A6L7T5.1	41.315	213	123	2	2	212	8	220	1.26e-128	362
B1AJI8.1	Q5L9D9.1	41.315	213	123	2	2	212	8	220	1.44e-128	362
B1AJI8.1	A8FIM7.1	40.845	213	124	2	2	212	8	220	1.78e-128	362
B1AJI8.1	Q0T1S6.1	41.204	216	123	3	1	212	5	220	1.86e-128	362
B1AJI8.1	Q02HQ1.1	42.991	214	119	3	2	212	13	226	2.08e-128	362
B1AJI8.1	B5XNF8.1	41.204	216	123	3	1	212	5	220	3.07e-128	361
B1AJI8.1	A8A392.1	41.204	216	123	3	1	212	5	220	3.38e-128	361
B1AJI8.1	Q6D208.1	43.519	216	118	3	1	212	5	220	3.71e-128	361
B1AJI8.1	B5Z154.1	41.667	216	122	3	1	212	5	220	4.15e-128	361
B1AJI8.1	A1AEB0.1	41.204	216	123	3	1	212	5	220	5.02e-128	360
B1AJI8.1	B1J4J3.1	42.254	213	120	3	3	212	13	225	5.71e-128	360
B1AJI8.1	Q3KGL4.1	39.720	214	126	3	2	212	12	225	6.08e-128	360
B1AJI8.1	B7NRN6.1	41.667	216	122	3	1	212	5	220	6.42e-128	360
B1AJI8.1	B7MYL3.1	41.204	216	123	3	1	212	5	220	7.47e-128	360
B1AJI8.1	Q7N1U8.1	41.667	216	122	3	1	212	5	220	8.46e-128	360
B1AJI8.1	Q8FF08.3	41.204	216	123	3	1	212	5	220	8.61e-128	360
B1AJI8.1	A8MM35.1	40.094	212	125	2	3	212	9	220	8.87e-128	360
B1AJI8.1	B4F058.1	41.667	216	122	3	1	212	5	220	1.14e-127	360
B1AJI8.1	Q65DN9.1	40.376	213	125	2	2	212	8	220	1.30e-127	359
B1AJI8.1	A4WDE9.1	42.130	216	121	3	1	212	5	220	1.48e-127	359
B1AJI8.1	A8AD07.1	41.667	216	122	3	1	212	5	220	1.72e-127	359
B1AJI8.1	B4RLL6.1	43.256	215	118	3	2	212	3	217	1.80e-127	359
B1AJI8.1	B7LUY5.1	41.204	216	123	3	1	212	5	220	1.86e-127	359
B1AJI8.1	A5F5R5.1	43.056	216	119	3	1	212	5	220	2.19e-127	359
B1AJI8.1	Q9K682.1	39.623	212	126	2	3	212	8	219	2.57e-127	359
B1AJI8.1	A9MGV9.1	42.130	216	121	3	1	212	5	220	5.70e-127	358
B1AJI8.1	Q8A5V6.1	41.784	213	122	2	2	212	8	220	5.76e-127	358
B1AJI8.1	P43731.1	42.791	215	119	3	2	212	3	217	6.08e-127	358
B1AJI8.1	C3KDS6.1	38.785	214	128	3	2	212	12	225	6.43e-127	358
B1AJI8.1	Q630K2.1	39.623	212	126	2	3	212	9	220	6.83e-127	358
B1AJI8.1	B7HYF9.1	39.623	212	126	2	3	212	9	220	7.57e-127	357
B1AJI8.1	Q92LU5.1	40.654	214	124	3	2	212	10	223	7.79e-127	358
B1AJI8.1	B5F228.1	42.130	216	121	3	1	212	5	220	7.90e-127	358
B1AJI8.1	A9LZA2.1	43.256	215	118	3	2	212	3	217	1.00e-126	357
B1AJI8.1	B2TQZ9.1	41.038	212	123	2	3	212	9	220	1.02e-126	357
B1AJI8.1	A9N0W3.1	41.667	216	122	3	1	212	5	220	1.11e-126	357
B1AJI8.1	C4LC44.1	41.860	215	121	3	2	212	3	217	1.25e-126	357
B1AJI8.1	A1KU26.1	43.256	215	118	3	2	212	3	217	1.99e-126	356
B1AJI8.1	Q7MNR0.2	42.593	216	120	3	1	212	5	220	2.64e-126	356
B1AJI8.1	Q87XE2.1	38.318	214	129	3	2	212	12	225	3.00e-126	356
B1AJI8.1	Q72X51.1	39.623	212	126	2	3	212	9	220	3.14e-126	356
B1AJI8.1	Q4ZPC2.1	38.785	214	128	3	2	212	12	225	3.28e-126	356
B1AJI8.1	Q5WAZ9.1	40.566	212	124	2	3	212	8	219	6.98e-126	355
B1AJI8.1	A6UDC0.1	41.121	214	123	3	2	212	10	223	7.49e-126	355
B1AJI8.1	Q48ET5.1	39.437	213	126	3	3	212	13	225	8.98e-126	355
B1AJI8.1	A6M317.1	45.755	212	113	2	3	212	9	220	1.09e-125	354
B1AJI8.1	B0UWA7.1	43.721	215	117	3	2	212	3	217	1.24e-125	354
B1AJI8.1	B6J738.1	42.523	214	120	3	2	212	9	222	1.41e-125	354
B1AJI8.1	B2VEC7.1	41.204	216	123	3	1	212	5	220	1.53e-125	354
B1AJI8.1	C0Z887.1	36.792	212	132	2	3	212	9	220	1.65e-125	354
B1AJI8.1	C4Z8Z2.1	42.991	214	119	3	2	212	7	220	1.83e-125	354
B1AJI8.1	Q87SC4.1	43.256	215	118	3	2	212	6	220	2.08e-125	354
B1AJI8.1	A0KMZ1.1	43.256	215	118	3	2	212	3	217	2.21e-125	354
B1AJI8.1	Q9JUC4.1	43.256	215	118	3	2	212	3	217	2.31e-125	353
B1AJI8.1	Q83CW4.1	42.523	214	120	3	2	212	9	222	4.09e-125	353
B1AJI8.1	Q65VN0.1	44.651	215	115	3	2	212	3	217	5.69e-125	353
B1AJI8.1	A9VSJ0.1	39.151	212	127	2	3	212	9	220	7.00e-125	353
B1AJI8.1	Q182G9.1	42.925	212	119	2	3	212	8	219	7.88e-125	352
B1AJI8.1	B7HG60.1	39.151	212	127	2	3	212	9	220	8.67e-125	352
B1AJI8.1	Q4L3Q7.1	43.662	213	119	1	1	212	1	213	8.78e-125	352
B1AJI8.1	A4SK71.1	42.326	215	120	3	2	212	3	217	1.02e-124	352
B1AJI8.1	B8F6C3.1	43.458	214	118	3	2	212	3	216	1.11e-124	352
B1AJI8.1	Q0TUH0.1	43.396	212	118	2	3	212	9	220	1.54e-124	351
B1AJI8.1	A9KCD5.2	42.523	214	120	3	2	212	9	222	1.59e-124	351
B1AJI8.1	B8FSV8.1	41.981	212	120	3	3	212	8	218	1.62e-124	351
B1AJI8.1	C3LFS7.1	39.151	212	127	2	3	212	9	220	1.68e-124	351
B1AJI8.1	Q8UCM8.1	42.523	214	120	3	2	212	15	228	1.94e-124	352
B1AJI8.1	C1CXS7.1	37.383	214	130	3	2	212	28	240	2.00e-124	352
B1AJI8.1	B3ERG6.1	45.070	213	115	2	2	212	8	220	2.10e-124	351
B1AJI8.1	Q720K2.1	41.981	212	121	2	3	212	8	219	2.55e-124	351
B1AJI8.1	Q8XNR7.1	43.868	212	117	2	3	212	9	220	2.77e-124	351
B1AJI8.1	B6EKY3.1	39.535	215	126	3	2	212	4	218	2.79e-124	351
B1AJI8.1	A7MS85.1	40.930	215	123	3	2	212	6	220	3.24e-124	351
B1AJI8.1	Q03GV8.1	42.925	212	119	2	3	212	9	220	3.25e-124	351
B1AJI8.1	A0RLI1.1	39.151	212	127	2	3	212	9	220	3.89e-124	351
B1AJI8.1	B6J089.1	42.056	214	121	3	2	212	9	222	4.36e-124	351
B1AJI8.1	Q0SWB8.1	42.925	212	119	2	3	212	9	220	5.02e-124	350
B1AJI8.1	Q92CI1.1	41.981	212	121	2	3	212	8	219	5.51e-124	350
B1AJI8.1	B5FAJ7.1	40.278	216	125	3	1	212	3	218	5.56e-124	350
B1AJI8.1	A3MZ80.1	44.651	215	115	3	2	212	3	217	6.07e-124	350
B1AJI8.1	A5VIJ2.1	41.038	212	123	2	3	212	9	220	6.64e-124	350
B1AJI8.1	Q5E2Y8.1	41.204	216	123	3	1	212	3	218	8.67e-124	350
B1AJI8.1	B7JHM3.1	39.151	212	127	2	3	212	9	220	9.39e-124	349
B1AJI8.1	B9DKT3.1	42.254	213	122	1	1	212	1	213	1.01e-123	349
B1AJI8.1	Q6HAN7.1	39.151	212	127	2	3	212	9	220	1.17e-123	349
B1AJI8.1	B7IRS8.1	39.151	212	127	2	3	212	9	220	1.41e-123	349
B1AJI8.1	A5UBC0.1	42.326	215	120	3	2	212	3	217	1.72e-123	349
B1AJI8.1	Q4QPM6.1	41.860	215	121	3	2	212	3	217	1.87e-123	349
B1AJI8.1	Q8Y7P6.1	42.453	212	120	2	3	212	8	219	4.42e-123	348
B1AJI8.1	Q5R080.1	45.116	215	115	2	1	212	1	215	5.15e-123	347
B1AJI8.1	A5IQD5.1	41.315	213	124	1	1	212	1	213	7.61e-123	347
B1AJI8.1	Q2YS83.1	41.315	213	124	1	1	212	1	213	8.37e-123	347
B1AJI8.1	A6TVW5.1	39.151	212	127	2	3	212	8	219	8.83e-123	347
B1AJI8.1	P57807.1	42.791	215	119	3	2	212	3	217	9.38e-123	347
B1AJI8.1	Q88YG1.1	42.453	212	120	2	3	212	9	220	1.33e-122	347
B1AJI8.1	Q6GBQ6.1	41.315	213	124	1	1	212	1	213	2.09e-122	346
B1AJI8.1	B1YFL0.1	41.038	212	123	2	3	212	5	216	4.81e-122	345
B1AJI8.1	Q74K70.1	40.758	211	124	1	3	212	9	219	6.05e-122	345
B1AJI8.1	Q3BNI2.1	43.925	214	117	3	2	212	13	226	7.09e-122	345
B1AJI8.1	P13051.2	44.860	214	115	2	2	212	97	310	7.85e-122	347
B1AJI8.1	B2RHL6.1	42.056	214	119	3	3	212	10	222	1.62e-121	344
B1AJI8.1	B1JRB1.1	42.593	216	120	3	1	212	5	220	1.74e-121	344
B1AJI8.1	A6VLV4.1	42.791	215	119	3	2	212	3	217	1.98e-121	343
B1AJI8.1	A4IWI7.1	45.370	216	114	3	1	212	1	216	2.06e-121	343
B1AJI8.1	Q49VD1.1	41.784	213	123	1	1	212	1	213	2.26e-121	343
B1AJI8.1	Q38VY5.1	41.706	211	122	1	3	212	9	219	2.52e-121	343
B1AJI8.1	A0Q7Y8.1	45.833	216	113	3	1	212	1	216	2.92e-121	343
B1AJI8.1	A4TKZ2.1	42.593	216	120	3	1	212	5	220	2.96e-121	343
B1AJI8.1	P97931.3	46.262	214	112	2	2	212	90	303	3.13e-121	345
B1AJI8.1	Q8PFZ6.1	43.925	214	117	3	2	212	13	226	3.81e-121	343
B1AJI8.1	Q7MXF6.1	42.056	214	119	3	3	212	10	222	4.21e-121	343
B1AJI8.1	A7FFS4.1	42.593	216	120	3	1	212	5	220	6.86e-121	342
B1AJI8.1	B0TXF5.1	43.056	216	119	3	1	212	1	216	1.06e-120	342
B1AJI8.1	B3WCZ5.1	38.863	211	128	1	3	212	9	219	2.08e-120	341
B1AJI8.1	Q9RWH9.1	37.559	213	129	3	3	212	27	238	2.60e-120	341
B1AJI8.1	Q7VMC0.1	41.395	215	122	3	2	212	3	217	3.35e-120	340
B1AJI8.1	B0VD25.1	43.256	215	118	4	2	212	19	233	4.25e-120	340
B1AJI8.1	Q827B3.1	35.681	213	134	3	2	212	10	221	5.15e-120	340
B1AJI8.1	A3M500.2	43.256	215	118	4	2	212	19	233	6.48e-120	340
B1AJI8.1	A9KP29.1	42.723	213	119	3	3	212	8	220	6.85e-120	340
B1AJI8.1	B2GAM7.1	40.566	212	124	2	3	212	9	220	7.73e-120	340
B1AJI8.1	B0RWT2.1	43.458	214	118	3	2	212	13	226	8.05e-120	340
B1AJI8.1	O84613.1	41.121	214	123	2	2	212	13	226	1.26e-119	339
B1AJI8.1	A7NAN4.1	44.907	216	115	3	1	212	1	216	1.35e-119	339
B1AJI8.1	Q9K3Z0.1	36.150	213	133	3	2	212	10	221	1.41e-119	339
B1AJI8.1	B0B8I2.1	41.121	214	123	2	2	212	13	226	1.87e-119	339
B1AJI8.1	A5FFT1.1	41.589	214	122	3	2	212	8	221	2.23e-119	338
B1AJI8.1	Q8CQ65.1	41.784	213	123	1	1	212	1	213	2.24e-119	338
B1AJI8.1	Q92EQ0.1	40.845	213	124	2	2	212	4	216	2.41e-119	338
B1AJI8.1	Q8Y9X7.1	41.784	213	122	2	2	212	4	216	2.59e-119	338
B1AJI8.1	Q30Q92.1	41.784	213	122	2	2	212	9	221	2.70e-119	338
B1AJI8.1	Q9LIH6.1	40.092	217	124	3	2	212	112	328	2.84e-119	341
B1AJI8.1	B1I012.1	40.187	214	124	3	3	212	9	222	3.12e-119	338
B1AJI8.1	B2SJF5.1	42.991	214	119	3	2	212	13	226	3.70e-119	338
B1AJI8.1	Q723S4.1	41.784	213	122	2	2	212	4	216	3.80e-119	338
B1AJI8.1	Q8EPH6.1	41.509	212	122	2	3	212	9	220	4.54e-119	338
B1AJI8.1	B0VMZ7.1	43.256	215	118	4	2	212	19	233	4.98e-119	338
B1AJI8.1	Q5HRG5.1	42.254	213	122	1	1	212	1	213	6.25e-119	337
B1AJI8.1	B6YR15.1	41.784	213	122	2	2	212	8	220	6.36e-119	337
B1AJI8.1	Q3IG47.1	41.860	215	120	4	3	212	4	218	6.51e-119	337
B1AJI8.1	A8YUE7.1	40.284	211	125	1	3	212	10	220	6.61e-119	337
B1AJI8.1	A7GVX1.1	44.601	213	115	3	2	212	13	224	8.52e-119	337
B1AJI8.1	Q9PJD2.1	41.121	214	123	2	2	212	13	226	8.92e-119	337
B1AJI8.1	B9E8N2.1	39.906	213	127	1	1	212	1	213	9.45e-119	336
B1AJI8.1	Q04BG7.1	39.336	211	127	1	3	212	9	219	1.19e-118	336
B1AJI8.1	Q821F7.1	41.860	215	122	2	1	212	12	226	1.54e-118	336
B1AJI8.1	Q5L4Q4.1	40.000	215	126	2	1	212	12	226	2.12e-118	336
B1AJI8.1	Q5FL46.1	40.758	211	124	1	3	212	10	220	3.11e-118	336
B1AJI8.1	Q1GB22.1	39.336	211	127	1	3	212	9	219	3.30e-118	335
B1AJI8.1	Q03KM6.1	39.151	212	127	2	2	212	5	215	4.62e-118	335
B1AJI8.1	Q6F9Y2.1	44.186	215	116	4	2	212	19	233	4.87e-118	335
B1AJI8.1	A4VV30.1	40.758	211	123	2	3	212	6	215	6.30e-118	334
B1AJI8.1	Q9PA28.2	41.121	214	123	3	2	212	21	234	1.00e-117	335
B1AJI8.1	Q03SK6.1	40.654	214	123	3	3	212	9	222	1.09e-117	334
B1AJI8.1	A3CN85.1	39.336	211	126	2	3	212	6	215	1.13e-117	334
B1AJI8.1	Q256I7.1	41.860	215	122	2	1	212	12	226	1.26e-117	334
B1AJI8.1	Q8EB78.1	41.204	216	123	3	1	212	1	216	1.66e-117	333
B1AJI8.1	B2IAB2.1	41.121	214	123	3	2	212	21	234	2.07e-117	334
B1AJI8.1	Q1IWN1.1	37.736	212	129	3	3	212	26	236	2.16e-117	334
B1AJI8.1	P29950.1	40.777	206	119	3	10	212	1	206	2.51e-117	333
B1AJI8.1	B0U620.1	40.654	214	124	3	2	212	21	234	3.31e-117	334
B1AJI8.1	A0M1V1.1	46.729	214	111	3	2	212	8	221	3.95e-117	333
B1AJI8.1	Q64QI5.1	39.906	213	126	2	2	212	8	220	4.67e-117	332
B1AJI8.1	Q5LA67.1	39.906	213	126	2	2	212	8	220	4.90e-117	332
B1AJI8.1	A8AXM4.1	40.284	211	124	2	3	212	6	215	6.61e-117	332
B1AJI8.1	A7ZAZ4.1	43.662	213	117	3	2	212	13	224	6.45e-116	330
B1AJI8.1	Q9Z7D3.1	38.605	215	129	2	1	212	19	233	4.67e-115	328
B1AJI8.1	Q8DTV8.1	40.284	211	124	2	3	212	6	215	5.17e-115	327
B1AJI8.1	B1IBW9.1	40.094	212	125	2	2	212	5	215	6.83e-115	327
B1AJI8.1	A0RM89.1	45.070	213	114	3	2	212	13	224	6.93e-115	327
B1AJI8.1	P0A4P3.1	37.736	212	130	2	2	212	5	215	1.18e-114	326
B1AJI8.1	A7I0A8.1	44.860	214	114	4	2	212	13	225	1.90e-114	326
B1AJI8.1	C0M7J9.1	37.915	211	129	2	3	212	6	215	3.68e-114	325
B1AJI8.1	B4U3D4.1	37.915	211	129	2	3	212	6	215	4.45e-114	325
B1AJI8.1	Q8R634.1	39.151	212	127	2	3	212	8	219	7.54e-114	324
B1AJI8.1	C1CKR8.1	38.679	212	128	2	2	212	5	215	1.12e-113	324
B1AJI8.1	C0ME57.1	37.441	211	130	2	3	212	6	215	1.64e-113	323
B1AJI8.1	B8ZQ48.1	38.679	212	128	2	2	212	5	215	1.64e-113	323
B1AJI8.1	B5E4R3.1	38.679	212	128	2	2	212	5	215	1.78e-113	323
B1AJI8.1	A5EVB8.1	40.465	215	123	4	2	212	14	227	2.24e-113	323
B1AJI8.1	B9DSB9.1	38.208	212	129	2	2	212	5	215	3.32e-113	322
B1AJI8.1	Q5HX80.1	44.131	213	115	4	3	212	17	228	5.91e-113	322
B1AJI8.1	Q9PJ40.1	43.662	213	116	4	3	212	17	228	6.10e-113	322
B1AJI8.1	B8D787.1	40.930	215	124	2	1	212	3	217	7.52e-113	322
B1AJI8.1	A8EWN8.1	42.791	215	120	2	1	212	1	215	8.13e-113	321
B1AJI8.1	A1VXG9.1	44.131	213	115	4	3	212	17	228	1.10e-112	322
B1AJI8.1	Q7MA00.1	39.720	214	125	4	2	212	14	226	2.28e-112	321
B1AJI8.1	A7H1G3.1	44.601	213	114	4	3	212	17	228	7.68e-112	319
B1AJI8.1	A8FJP1.1	43.192	213	117	4	3	212	17	228	8.51e-112	319
B1AJI8.1	P59465.1	43.056	216	119	3	1	212	7	222	1.05e-111	319
B1AJI8.1	B5RKV2.1	44.393	214	115	3	2	211	8	221	1.38e-111	318
B1AJI8.1	Q48U05.1	40.758	211	123	2	3	212	6	215	1.41e-111	318
B1AJI8.1	A1SUE5.1	39.352	216	127	3	1	212	1	216	3.59e-111	317
B1AJI8.1	Q1JC76.1	40.284	211	124	2	3	212	6	215	6.94e-111	316
B1AJI8.1	B2S1N8.1	43.925	214	116	3	2	211	8	221	1.27e-110	316
B1AJI8.1	B5XL20.1	40.758	211	123	2	3	212	6	215	1.37e-110	316
B1AJI8.1	B5RQN2.1	43.925	214	116	3	2	211	8	221	1.39e-110	316
B1AJI8.1	B9KEK7.1	42.991	214	118	4	2	212	13	225	1.39e-110	316
B1AJI8.1	Q9U221.1	40.278	216	123	4	2	212	65	279	1.50e-110	317
B1AJI8.1	A2RF00.1	40.284	211	124	2	3	212	6	215	1.50e-110	316
B1AJI8.1	A1QYK3.1	44.393	214	115	3	2	211	8	221	2.33e-110	315
B1AJI8.1	Q1J724.1	40.284	211	124	2	3	212	6	215	2.49e-110	315
B1AJI8.1	Q8P1B6.1	40.284	211	124	2	3	212	6	215	3.76e-110	315
B1AJI8.1	P0DG74.1	40.284	211	124	2	3	212	6	215	3.95e-110	315
B1AJI8.1	P53766.2	42.130	216	118	4	3	212	128	342	5.69e-110	318
B1AJI8.1	Q5XCK3.1	39.810	211	125	2	3	212	6	215	2.97e-109	312
B1AJI8.1	B1MXY4.1	40.094	212	125	2	2	212	7	217	2.30e-108	310
B1AJI8.1	Q057V4.1	43.256	215	119	2	1	212	7	221	3.66e-108	310
B1AJI8.1	Q7VRQ7.1	41.204	216	123	3	1	212	4	219	8.14e-108	309
B1AJI8.1	Q07YI6.1	39.720	214	125	3	3	212	5	218	1.04e-107	308
B1AJI8.1	Q7P1I1.1	39.437	213	126	3	3	212	15	227	2.30e-107	308
B1AJI8.1	B7J0Y9.1	45.327	214	113	3	2	211	8	221	3.07e-107	307
B1AJI8.1	Q662W1.1	43.925	214	116	3	2	211	8	221	5.18e-107	307
B1AJI8.1	Q0SPB2.1	44.393	214	115	3	2	211	8	221	2.83e-106	305
B1AJI8.1	B2UDL1.1	37.387	222	124	6	3	212	39	257	9.69e-106	305
B1AJI8.1	Q03W63.1	38.967	213	127	3	2	212	7	218	7.16e-105	301
B1AJI8.1	Q7VGS1.1	40.271	221	119	5	3	212	14	232	2.80e-104	300
B1AJI8.1	Q8XVE4.1	36.036	222	127	6	3	212	42	260	4.20e-104	300
B1AJI8.1	O74834.1	37.788	217	129	4	2	212	85	301	5.29e-104	302
B1AJI8.1	A1UEC0.1	35.514	214	131	6	3	212	14	224	8.96e-104	298
B1AJI8.1	Q032L5.1	38.498	213	127	3	3	212	6	217	2.59e-102	295
B1AJI8.1	P12887.1	34.783	230	131	4	2	212	105	334	4.34e-102	298
B1AJI8.1	Q9CIX2.1	38.498	213	127	3	3	212	6	217	5.00e-102	294
B1AJI8.1	A2RHW2.1	38.498	213	127	3	3	212	6	217	5.12e-102	294
B1AJI8.1	A4TE31.1	34.579	214	131	7	3	212	14	222	1.13e-101	293
B1AJI8.1	A0QV01.1	33.645	214	135	6	3	212	14	224	1.46e-101	293
B1AJI8.1	B2HIJ2.1	33.178	214	136	6	3	212	14	224	2.67e-101	292
B1AJI8.1	A0PQ07.1	33.178	214	136	6	3	212	14	224	2.70e-101	292
B1AJI8.1	P28866.1	36.449	214	131	4	2	212	98	309	4.05e-101	294
B1AJI8.1	B8ZS02.1	33.178	214	136	6	3	212	14	224	5.29e-101	291
B1AJI8.1	A0QJA9.1	34.112	214	134	6	3	212	14	224	7.93e-101	291
B1AJI8.1	P52506.1	35.981	214	132	4	2	212	101	312	8.34e-101	293
B1AJI8.1	Q73VJ7.1	34.112	214	134	6	3	212	14	224	9.99e-101	291
B1AJI8.1	A1T717.1	34.112	214	132	7	3	212	14	222	1.29e-100	291
B1AJI8.1	P52507.1	35.981	214	132	4	2	212	102	313	1.45e-100	293
B1AJI8.1	B5ZC55.1	88.679	212	24	0	1	212	1	212	1.75e-100	290
B1AJI8.1	Q5YRZ2.1	32.710	214	137	6	3	212	14	224	9.59e-100	288
B1AJI8.1	Q315T1.1	35.294	204	122	3	19	212	30	233	1.47e-98	286
B1AJI8.1	B1AJI8.1	100.000	212	0	0	1	212	1	212	2.68e-98	284
B1AJI8.1	Q47Q90.1	34.112	214	132	7	3	212	17	225	5.49e-98	284
B1AJI8.1	B1MDP0.1	33.178	214	135	7	3	212	14	223	5.71e-98	284
B1AJI8.1	Q7VUM8.1	37.037	216	127	6	3	212	23	235	7.28e-98	284
B1AJI8.1	Q7W1Y7.1	37.037	216	127	6	3	212	23	235	1.02e-97	284
B1AJI8.1	Q7WQW5.1	37.037	216	127	6	3	212	23	235	1.24e-97	284
B1AJI8.1	P10186.1	33.803	213	136	4	3	212	122	332	1.97e-97	285
B1AJI8.1	P12888.1	36.652	221	128	5	3	212	34	253	7.87e-97	282
B1AJI8.1	P28275.1	33.803	213	136	4	3	212	43	253	1.03e-96	281
B1AJI8.1	Q8FPQ4.1	35.648	216	129	7	2	212	26	236	1.62e-96	280
B1AJI8.1	A1SNW4.1	31.308	214	138	7	3	212	17	225	7.65e-96	279
B1AJI8.1	P53765.2	35.294	221	131	6	3	212	33	252	1.19e-95	279
B1AJI8.1	Q1GHJ4.1	40.284	211	119	4	3	212	17	221	2.23e-95	277
B1AJI8.1	O36395.1	35.747	221	130	5	3	212	30	249	7.41e-95	277
B1AJI8.1	Q9EX12.1	34.579	214	131	7	3	212	14	222	1.31e-94	275
B1AJI8.1	Q21SE9.1	36.957	230	123	7	3	212	23	250	8.46e-94	274
B1AJI8.1	A9IGW1.1	37.156	218	127	7	3	212	23	238	1.46e-93	273
B1AJI8.1	Q9E6R2.1	36.744	215	131	4	2	212	96	309	2.24e-93	274
B1AJI8.1	P13158.1	33.175	211	136	4	3	210	83	291	2.41e-93	274
B1AJI8.1	Q98PV4.1	37.559	213	129	4	3	212	7	218	4.84e-93	271
B1AJI8.1	P09307.1	35.814	215	132	5	2	212	90	302	4.95e-93	273
B1AJI8.1	Q2L0Y2.1	38.073	218	124	7	3	212	23	237	5.42e-93	272
B1AJI8.1	Q9J3N2.1	35.814	215	132	5	2	212	90	302	7.02e-93	273
B1AJI8.1	Q82MX6.1	32.243	214	136	7	3	212	14	222	8.31e-93	271
B1AJI8.1	Q8G3E9.1	34.762	210	124	6	13	212	5	211	1.04e-92	270
B1AJI8.1	A1KMX0.1	33.178	214	136	6	3	212	14	224	1.74e-92	270
B1AJI8.1	Q01019.1	34.842	221	132	5	3	212	30	249	2.48e-92	270
B1AJI8.1	A8LD98.1	33.178	214	134	7	3	212	14	222	9.33e-91	265
B1AJI8.1	P53764.1	37.129	202	122	4	14	212	2	201	2.07e-90	264
B1AJI8.1	F5HFA1.1	36.486	222	129	5	2	212	30	250	8.25e-90	264
B1AJI8.1	P67078.1	32.558	215	138	6	2	212	16	227	1.63e-89	262
B1AJI8.1	F5HI85.1	34.579	214	135	4	3	212	34	246	1.11e-88	261
B1AJI8.1	Q8NQU9.1	31.667	240	126	7	2	212	22	252	1.15e-88	261
B1AJI8.1	P52447.1	36.111	216	131	5	3	212	36	250	1.28e-88	261
B1AJI8.1	P52345.1	35.185	216	133	5	3	212	36	250	6.89e-88	259
B1AJI8.1	Q1CRR1.1	35.211	213	124	7	1	201	11	221	1.42e-87	257
B1AJI8.1	B5Z8Z4.1	35.749	207	120	5	1	196	11	215	3.57e-87	257
B1AJI8.1	Q9ZJN9.1	35.437	206	120	5	1	195	11	214	6.57e-87	256
B1AJI8.1	P50639.1	35.321	218	134	5	1	212	32	248	1.35e-86	255
B1AJI8.1	P56397.1	34.951	206	121	6	1	195	11	214	1.68e-86	255
B1AJI8.1	B2UVB0.1	35.211	213	124	7	1	201	11	221	1.74e-86	255
B1AJI8.1	Q17Z05.1	33.493	209	126	5	1	198	11	217	7.03e-85	251
B1AJI8.1	B6JNI4.1	35.922	206	119	6	1	195	11	214	1.33e-84	250
B1AJI8.1	Q4A8N4.1	38.318	214	129	3	1	212	5	217	1.51e-83	247
B1AJI8.1	Q6UDG6.1	32.093	215	139	5	2	212	148	359	1.20e-82	248
B1AJI8.1	Q5UPT2.1	25.738	237	149	6	2	212	133	368	1.55e-69	215
B1AJI8.1	P47343.1	33.632	223	130	8	2	212	17	233	8.94e-68	207
B1AJI8.1	P75536.1	36.364	220	128	6	2	212	15	231	2.70e-67	206
B1AJI8.1	Q91UM2.1	16.585	205	158	8	11	212	18	212	1.60e-51	165
B1AJI8.1	P04303.2	16.585	205	158	8	11	212	18	212	1.69e-51	165
B1AJI8.1	P20536.1	16.585	205	158	8	11	212	18	212	3.77e-51	164
B1AJI8.1	P0DSP8.1	16.585	205	158	8	11	212	18	212	7.49e-51	163
B1AJI8.1	M1LL92.1	16.585	205	158	8	11	212	18	212	2.66e-50	162
B1AJI8.1	P0DSP7.1	16.098	205	159	8	11	212	18	212	1.29e-49	160
B1AJI8.1	P21968.2	19.903	206	152	8	10	212	17	212	1.18e-48	158
B1AJI8.1	P32941.1	16.505	206	159	8	10	212	17	212	4.71e-48	156

Search has CONVERGED!
# BLAST processed 4 queries
